timestamp,cpu4,cpu6,cpu8,cpu10
1775317814480585,0,0,0,0
1775317814531092,0,0,0,0
1775317814581667,0,0,0,0
1775317814632145,0,0,0,0
1775317814682712,0,0,0,0
1775317814733311,0,0,0,0
1775317814783822,0,0,0,0
1775317814834398,0,0,0,0
1775317814884950,0,0,0,0
1775317814935427,0,0,0,0
1775317814986014,66.6667,50,60,80
1775317815036699,50,80,66.6667,40
1775317815087340,50,0,25,50
1775317815138005,25,0,20,50
1775317815188525,0,0,0,20
1775317815239142,20,0,0,0
1775317815289701,33.3333,0,0,0
1775317815340209,25,0,0,20
1775317815390777,60,0,16.6667,0
1775317815441350,40,0,25,0
1775317815491979,42.8571,0,0,0
1775317815542532,25,0,28.5714,0
1775317815593094,25,0,40,0
1775317815643613,20,0,20,0
1775317815694184,33.3333,0,20,0
1775317815744711,33.3333,0,16.6667,20
1775317815795224,0,0,0,42.8571
1775317815845750,16.6667,0,0,25
1775317815896393,0,0,0,0
1775317815946930,0,0,42.8571,20
1775317815997505,33.3333,0,0,33.3333
1775317816048096,16.6667,0,20,25
1775317816098674,25,0,0,0
1775317816149352,50,0,16.6667,20
1775317816199943,0,0,20,0
1775317816250667,50,0,40,50
1775317816301330,25,0,20,0
1775317816351919,20,0,33.3333,0
1775317816402500,40,0,20,0
1775317816453145,20,0,33.3333,0
1775317816503738,40,0,50,0
1775317816554347,16.6667,0,20,40
1775317816605004,0,0,33.3333,50
1775317816655606,60,0,20,20
1775317816706233,20,0,40,0
1775317816756794,20,0,33.3333,0
1775317816807431,16.6667,0,60,40
1775317816858085,40,0,0,50
1775317816908726,20,20,20,50
1775317816959362,0,40,50,25
1775317817010007,0,40,0,40
1775317817060646,25,0,20,20
1775317817111299,33.3333,20,20,40
1775317817161976,25,33.3333,0,20
1775317817212568,20,25,0,25
1775317817263180,20,0,0,16.6667
1775317817313797,33.3333,50,0,40
1775317817364539,20,40,0,50
1775317817415195,20,50,40,0
1775317817465909,20,50,33.3333,20
1775317817516640,0,40,0,40
1775317817567284,0,0,57.1429,50
1775317817617920,50,0,40,50
1775317817668567,20,0,80,16.6667
1775317817719221,0,20,0,60
1775317817769898,60,40,0,0
1775317817820535,60,40,0,0
1775317817871192,40,16.6667,0,40
1775317817921848,80,0,20,25
1775317817972502,50,40,0,20
1775317818023190,40,25,40,20
1775317818073839,50,50,16.6667,57.1429
1775317818124503,50,25,0,25
1775317818175178,40,66.6667,25,20
1775317818225805,0,60,42.8571,20
1775317818276434,0,20,50,60
1775317818327088,25,25,25,28.5714
1775317818377723,33.3333,66.6667,0,0
1775317818428373,33.3333,57.1429,0,40
1775317818479039,60,0,33.3333,40
1775317818529702,0,66.6667,50,0
1775317818580345,33.3333,40,25,0
1775317818631121,50,40,80,25
1775317818681798,33.3333,0,25,40
1775317818732438,20,60,20,40
1775317818783092,40,40,0,0
1775317818833783,0,0,66.6667,16.6667
1775317818884440,60,20,20,25
1775317818935154,57.1429,0,0,40
1775317818985807,40,40,71.4286,0
1775317819036567,50,0,60,20
1775317819087313,40,0,50,20
1775317819138005,25,25,57.1429,60
1775317819188657,16.6667,33.3333,40,71.4286
1775317819239301,50,20,0,40
1775317819289945,0,25,33.3333,40
1775317819340619,40,40,20,75
1775317819391276,0,50,0,66.6667
1775317819441879,0,60,33.3333,40
1775317819492577,20,40,0,25
1775317819543237,0,40,0,40
1775317819593887,20,60,33.3333,25
1775317819644551,20,0,50,60
1775317819695275,33.3333,0,71.4286,16.6667
1775317819745901,60,20,40,50
1775317819796581,25,20,25,60
1775317819847326,33.3333,0,33.3333,40
1775317819897986,50,50,40,40
1775317819948629,50,20,0,40
1775317819999310,50,0,16.6667,66.6667
1775317820050039,0,60,40,0
1775317820100680,75,50,60,0
1775317820151332,50,40,25,20
1775317820201971,25,0,33.3333,0
1775317820252601,20,0,25,40
1775317820303276,0,50,40,50
1775317820353936,50,0,60,75
1775317820404595,33.3333,50,40,33.3333
1775317820455262,50,40,40,20
1775317820505932,60,40,75,50
1775317820556617,25,83.3333,80,60
1775317820607300,83.3333,25,20,40
1775317820657937,40,66.6667,40,33.3333
1775317820708636,33.3333,25,71.4286,40
1775317820759300,50,40,0,60
1775317820809964,40,33.3333,60,60
1775317820860623,60,66.6667,20,40
1775317820911321,40,66.6667,60,16.6667
1775317820961987,75,60,33.3333,50
1775317821012662,60,25,60,60
1775317821063324,25,66.6667,0,60
1775317821114001,0,50,66.6667,25
1775317821164660,50,57.1429,50,33.3333
1775317821215534,66.6667,25,40,75
1775317821266180,50,60,60,20
1775317821316818,57.1429,66.6667,50,33.3333
1775317821367529,40,66.6667,25,50
1775317821418211,50,40,20,50
1775317821468848,50,0,50,60
1775317821519507,40,50,50,20
1775317821570163,60,33.3333,20,0
1775317821620817,66.6667,66.6667,25,50
1775317821671486,20,80,50,60
1775317821722156,33.3333,25,20,25
1775317821772815,75,60,20,50
1775317821823479,40,66.6667,0,60
1775317821874135,20,50,50,40
1775317821924773,25,60,50,33.3333
1775317821975527,66.6667,40,50,50
1775317822026191,50,40,0,50
1775317822076845,50,25,25,33.3333
1775317822127502,40,50,75,75
1775317822178197,50,60,50,40
1775317822228942,66.6667,50,20,83.3333
1775317822279649,20,60,20,25
1775317822330409,0,20,80,50
1775317822381102,33.3333,40,60,66.6667
1775317822431754,50,40,66.6667,0
1775317822482418,80,80,50,50
1775317822533085,50,0,75,40
1775317822583753,60,60,50,57.1429
1775317822634428,50,60,40,40
1775317822685102,60,20,66.6667,50
1775317822735820,57.1429,50,80,60
1775317822786489,33.3333,60,25,60
1775317822837140,50,50,62.5,60
1775317822887825,40,33.3333,25,50
1775317822938557,100,100,100,100
1775317822989254,83.3333,83.3333,75,66.6667
1775317823039949,100,80,80,75
1775317823090637,71.4286,83.3333,40,66.6667
1775317823141384,80,75,66.6667,40
1775317823192060,40,60,50,60
1775317823242728,75,33.3333,60,33.3333
1775317823293499,66.6667,40,83.3333,0
1775317823344183,50,66.6667,60,40
1775317823394875,71.4286,75,33.3333,80
1775317823445617,80,80,60,40
1775317823496340,40,60,66.6667,50
1775317823547025,60,60,60,33.3333
1775317823597692,60,80,60,33.3333
1775317823648325,60,50,50,40
1775317823699008,25,60,80,50
1775317823749707,50,80,0,75
1775317823800388,66.6667,60,50,60
1775317823851090,60,25,66.6667,80
1775317823901776,83.3333,80,50,85.7143
1775317823952490,60,25,80,0
1775317824003205,100,75,100,80
1775317824053908,40,71.4286,50,60
1775317824104602,80,50,60,66.6667
1775317824155316,33.3333,50,50,20
1775317824206041,66.6667,20,50,40
1775317824256727,40,75,80,50
1775317824307393,100,25,60,60
1775317824358048,60,60,60,80
1775317824408732,60,50,20,60
1775317824459509,60,50,60,80
1775317824510196,66.6667,66.6667,60,60
1775317824560877,66.6667,100,80,66.6667
1775317824611565,75,50,75,80
1775317824662262,50,40,66.6667,50
1775317824712945,85.7143,20,60,60
1775317824763618,60,80,75,40
1775317824814336,75,40,80,80
1775317824865020,66.6667,66.6667,60,83.3333
1775317824915726,50,60,66.6667,80
1775317824966389,66.6667,75,66.6667,33.3333
1775317825017052,60,60,80,50
1775317825067736,75,0,20,60
1775317825118430,66.6667,60,80,80
1775317825169117,83.3333,66.6667,50,71.4286
1775317825219816,60,83.3333,75,80
1775317825270533,40,80,60,60
1775317825321205,60,40,60,60
1775317825371897,66.6667,50,75,80
1775317825422641,75,50,66.6667,80
1775317825473309,66.6667,66.6667,60,16.6667
1775317825524004,66.6667,60,60,50
1775317825574732,60,75,66.6667,66.6667
1775317825625472,50,40,50,80
1775317825676159,80,75,50,80
1775317825726840,83.3333,60,60,60
1775317825777565,50,66.6667,60,80
1775317825828342,60,50,75,50
1775317825879108,60,66.6667,33.3333,80
1775317825929808,66.6667,0,66.6667,66.6667
1775317825980469,50,66.6667,60,60
1775317826031157,60,66.6667,66.6667,60
1775317826081877,80,80,50,83.3333
1775317826132694,83.3333,100,100,80
1775317826183378,75,71.4286,33.3333,80
1775317826234052,75,80,50,80
1775317826284749,80,50,20,66.6667
1775317826335476,57.1429,60,80,66.6667
1775317826386206,75,66.6667,66.6667,60
1775317826436897,75,75,66.6667,60
1775317826487585,83.3333,80,50,40
1775317826538273,80,40,60,66.6667
1775317826588942,25,50,60,80
1775317826639635,80,40,80,60
1775317826690325,50,50,66.6667,75
1775317826741034,60,50,60,57.1429
1775317826791736,50,75,66.6667,40
1775317826842420,75,60,60,66.6667
1775317826893184,100,80,80,80
1775317826943923,85.7143,66.6667,50,50
1775317826994601,75,50,80,50
1775317827045260,50,60,80,66.6667
1775317827095981,75,100,66.6667,83.3333
1775317827146733,83.3333,80,80,80
1775317827197500,75,60,80,75
1775317827248215,80,60,80,60
1775317827299042,83.3333,60,66.6667,80
1775317827349734,75,60,80,40
1775317827400398,50,66.6667,60,66.6667
1775317827451373,60,40,40,75
1775317827502117,100,80,100,80
1775317827552904,80,66.6667,66.6667,60
1775317827603618,60,80,80,80
1775317827654344,100,83.3333,100,80
1775317827705116,80,80,80,83.3333
1775317827755812,71.4286,66.6667,25,20
1775317827806487,100,66.6667,50,66.6667
1775317827857201,66.6667,60,40,50
1775317827907900,60,50,50,66.6667
1775317827958573,40,50,60,60
1775317828009265,75,80,50,50
1775317828059930,66.6667,60,50,75
1775317828110618,20,60,40,66.6667
1775317828161400,80,100,60,80
1775317828212127,20,50,50,66.6667
1775317828262849,66.6667,40,60,50
1775317828313581,60,80,50,75
1775317828364256,60,50,80,50
1775317828415041,66.6667,50,50,60
1775317828465784,40,80,25,66.6667
1775317828516491,60,83.3333,40,100
1775317828567209,50,25,60,60
1775317828617897,25,60,60,50
1775317828669594,80,60,83.3333,80
1775317828720425,80,66.6667,40,66.6667
1775317828771121,66.6667,40,60,50
1775317828821848,100,60,83.3333,60
1775317828872549,50,75,60,66.6667
1775317828923291,40,60,60,80
1775317828973971,60,80,83.3333,50
1775317829024665,83.3333,80,66.6667,80
1775317829075368,25,50,66.6667,60
1775317829126047,60,66.6667,66.6667,66.6667
1775317829176763,83.3333,100,75,75
1775317829227433,60,66.6667,60,50
1775317829278106,40,60,40,75
1775317829328886,60,80,83.3333,100
1775317829379610,85.7143,40,75,60
1775317829430283,80,80,40,83.3333
1775317829480958,60,75,60,60
1775317829531617,60,66.6667,60,50
1775317829582274,50,75,57.1429,33.3333
1775317829632987,50,100,66.6667,66.6667
1775317829683705,100,50,75,83.3333
1775317829734389,60,75,80,80
1775317829785138,80,100,100,60
1775317829835821,40,60,75,50
1775317829886496,60,20,40,83.3333
1775317829937176,66.6667,80,66.6667,33.3333
1775317829987867,20,71.4286,60,66.6667
1775317830038585,66.6667,40,60,40
1775317830089277,20,60,33.3333,50
1775317830139945,40,75,50,60
1775317830190669,75,75,83.3333,60
1775317830241435,60,66.6667,20,40
1775317830292252,80,75,71.4286,100
1775317830343047,40,40,75,60
1775317830393713,75,80,60,83.3333
1775317830444376,66.6667,80,57.1429,75
1775317830495067,60,0,50,33.3333
1775317830545767,60,40,20,66.6667
1775317830596446,60,60,60,25
1775317830647127,60,40,60,60
1775317830697810,50,25,50,66.6667
1775317830748592,60,66.6667,80,83.3333
1775317830799369,100,100,100,83.3333
1775317830850064,100,100,100,100
1775317830900836,83.3333,85.7143,100,100
1775317830951523,75,80,66.6667,60
1775317831002192,75,80,75,83.3333
1775317831052912,83.3333,80,80,100
1775317831103675,83.3333,100,83.3333,100
1775317831154389,60,40,60,75
1775317831205064,80,75,40,62.5
1775317831255735,66.6667,33.3333,83.3333,25
1775317831306424,66.6667,75,60,75
1775317831357152,83.3333,83.3333,100,66.6667
1775317831407906,100,100,83.3333,75
1775317831458609,40,66.6667,25,75
1775317831509312,80,80,80,71.4286
1775317831560013,66.6667,80,80,60
1775317831610742,60,50,60,50
1775317831661452,80,75,66.6667,66.6667
1775317831712122,66.6667,25,80,60
1775317831762880,50,66.6667,60,60
1775317831813619,66.6667,80,83.3333,60
1775317831864310,66.6667,75,40,100
1775317831915010,50,66.6667,75,50
1775317831965697,66.6667,60,50,66.6667
1775317832016364,40,83.3333,60,80
1775317832067197,66.6667,100,50,50
1775317832117899,80,60,50,50
1775317832168564,80,80,80,80
1775317832219344,75,80,50,75
1775317832270062,80,40,66.6667,66.6667
1775317832320759,60,60,50,60
1775317832371427,50,66.6667,50,25
1775317832422085,60,60,75,80
1775317832472777,83.3333,50,66.6667,83.3333
1775317832523482,66.6667,60,60,75
1775317832574153,50,60,50,83.3333
1775317832624817,66.6667,60,66.6667,60
1775317832675494,60,40,66.6667,75
1775317832726163,83.3333,60,66.6667,60
1775317832776830,60,25,66.6667,80
1775317832827548,60,66.6667,60,60
1775317832878309,60,60,100,83.3333
1775317832929068,60,75,50,60
1775317832979744,83.3333,83.3333,80,100
1775317833030443,75,60,75,60
1775317833081106,60,50,50,33.3333
1775317833131750,80,40,50,50
1775317833182430,50,75,40,75
1775317833233131,60,60,50,60
1775317833283915,80,40,80,66.6667
1775317833334638,66.6667,75,40,83.3333
1775317833385377,80,83.3333,80,60
1775317833436063,75,80,40,80
1775317833486768,80,83.3333,80,60
1775317833537819,20,40,50,60
1775317833588552,71.4286,75,100,83.3333
1775317833639332,60,71.4286,60,60
1775317833690011,100,80,40,50
1775317833740696,40,60,85.7143,75
1775317833791390,40,80,60,50
1775317833842078,60,40,75,50
1775317833892752,50,60,66.6667,66.6667
1775317833943491,80,100,100,83.3333
1775317833994182,60,60,75,50
1775317834044900,60,75,50,66.6667
1775317834095573,50,50,40,50
1775317834146237,50,50,60,50
1775317834196910,60,83.3333,80,40
1775317834247604,71.4286,50,60,60
1775317834298311,66.6667,50,40,50
1775317834349020,40,83.3333,66.6667,100
1775317834399708,60,75,75,50
1775317834450447,60,71.4286,80,75
1775317834501144,60,60,80,40
1775317834551834,80,50,66.6667,80
1775317834602539,50,40,60,60
1775317834653230,71.4286,60,60,71.4286
1775317834703943,50,50,66.6667,50
1775317834754631,60,75,60,40
1775317834805366,50,60,60,40
1775317834856066,80,40,66.6667,60
1775317834906776,40,75,66.6667,80
1775317834957551,60,80,75,66.6667
1775317835008257,40,60,0,50
1775317835059047,40,60,66.6667,80
1775317835109775,80,25,75,60
1775317835160464,66.6667,33.3333,57.1429,80
1775317835211149,50,25,80,40
1775317835261860,50,60,75,80
1775317835312618,80,85.7143,83.3333,83.3333
1775317835363310,75,75,66.6667,66.6667
1775317835414002,33.3333,60,25,25
1775317835464688,40,66.6667,50,25
1775317835515480,66.6667,50,60,83.3333
1775317835566169,66.6667,75,50,60
1775317835616929,80,60,75,60
1775317835667676,20,80,40,83.3333
1775317835718373,83.3333,83.3333,75,50
1775317835769072,20,83.3333,80,50
1775317835819789,60,80,33.3333,75
1775317835870466,75,50,66.6667,75
1775317835921133,66.6667,57.1429,83.3333,80
1775317835971831,75,33.3333,83.3333,83.3333
1775317836022495,60,40,33.3333,0
1775317836073191,40,40,60,50
1775317836123886,80,60,60,83.3333
1775317836174559,83.3333,40,40,40
1775317836225260,66.6667,50,60,33.3333
1775317836275936,66.6667,57.1429,66.6667,60
1775317836326598,66.6667,75,50,50
1775317836377256,80,60,40,60
1775317836427920,60,80,50,40
1775317836478582,60,60,40,50
1775317836529268,75,83.3333,40,66.6667
1775317836579955,66.6667,66.6667,60,80
1775317836630627,80,80,50,40
1775317836681347,50,50,80,75
1775317836732011,75,60,33.3333,40
1775317836782749,50,80,60,60
1775317836833461,80,40,66.6667,80
1775317836884142,80,20,50,66.6667
1775317836934820,50,40,60,50
1775317836985511,40,66.6667,80,20
1775317837036185,40,60,60,50
1775317837086942,60,60,40,40
1775317837137706,60,40,0,60
1775317837188403,33.3333,60,66.6667,60
1775317837239188,80,60,80,75
1775317837289910,50,100,60,50
1775317837340581,75,80,83.3333,25
1775317837391302,57.1429,50,50,60
1775317837441962,50,50,83.3333,40
1775317837492683,100,50,66.6667,66.6667
1775317837543380,66.6667,40,60,60
1775317837594056,80,75,75,40
1775317837644738,66.6667,83.3333,80,50
1775317837695476,75,66.6667,66.6667,40
1775317837746251,25,66.6667,66.6667,60
1775317837796966,66.6667,60,66.6667,80
1775317837847654,40,80,66.6667,80
1775317837898397,83.3333,40,60,25
1775317837949099,75,60,80,80
1775317837999825,83.3333,66.6667,83.3333,40
1775317838050504,60,66.6667,75,100
1775317838101252,50,50,50,60
1775317838152054,80,75,50,40
1775317838202780,80,60,80,80
1775317838253581,83.3333,80,100,100
1775317838304282,75,83.3333,66.6667,50
1775317838354997,66.6667,40,40,80
1775317838405684,50,0,75,60
1775317838456337,60,40,60,25
1775317838507056,60,50,40,50
1775317838557794,75,25,75,66.6667
1775317838608476,60,80,66.6667,80
1775317838659199,50,60,40,50
1775317838709894,75,100,80,25
1775317838760686,80,60,80,83.3333
1775317838811397,50,83.3333,66.6667,75
1775317838862151,40,40,66.6667,75
1775317838912885,50,80,50,50
1775317838963646,40,60,66.6667,80
1775317839014369,60,80,80,40
1775317839065077,60,66.6667,50,50
1775317839115800,40,80,50,75
1775317839166521,50,71.4286,60,20
1775317839217226,60,50,33.3333,71.4286
1775317839267901,60,60,57.1429,50
1775317839318607,25,66.6667,50,40
1775317839369316,60,75,80,66.6667
1775317839420009,75,33.3333,50,57.1429
1775317839470701,60,66.6667,80,75
1775317839521520,66.6667,57.1429,60,40
1775317839572235,75,75,80,80
1775317839622919,40,50,71.4286,80
1775317839673682,66.6667,80,50,60
1775317839724628,100,75,80,66.6667
1775317839775352,66.6667,80,40,75
1775317839826044,60,25,66.6667,50
1775317839876728,71.4286,60,80,60
1775317839927515,66.6667,66.6667,80,50
1775317839978233,60,75,50,60
1775317840028934,50,60,50,50
1775317840079602,60,50,83.3333,60
1775317840130289,60,25,60,60
1775317840180974,40,60,60,40
1775317840231636,66.6667,60,66.6667,50
1775317840282312,50,75,80,75
1775317840332979,80,50,40,71.4286
1775317840383654,40,66.6667,80,40
1775317840434398,100,100,100,100
1775317840485138,57.1429,75,83.3333,40
1775317840535858,83.3333,60,80,60
1775317840586551,100,100,60,60
1775317840637288,60,50,60,25
1775317840687990,60,60,75,50
1775317840738746,50,100,80,60
1775317840789479,83.3333,60,60,60
1775317840840174,57.1429,66.6667,50,40
1775317840890856,33.3333,75,100,83.3333
1775317840941574,80,50,50,40
1775317840992335,40,50,60,50
1775317841043108,60,66.6667,66.6667,83.3333
1775317841093813,40,80,75,66.6667
1775317841144589,60,66.6667,83.3333,75
1775317841195313,80,0,50,40
1775317841245986,40,40,83.3333,40
1775317841296696,66.6667,80,80,75
1775317841347464,60,66.6667,40,66.6667
1775317841398225,50,60,75,60
1775317841448980,80,100,60,66.6667
1775317841499660,66.6667,60,50,60
1775317841550321,50,40,25,50
1775317841601091,40,60,80,80
1775317841651796,75,60,80,40
1775317841702484,71.4286,75,40,75
1775317841753235,80,60,83.3333,66.6667
1775317841803916,0,60,60,80
1775317841854586,40,50,60,60
1775317841905338,100,50,60,83.3333
1775317841956012,60,66.6667,75,80
1775317842006684,60,60,80,60
1775317842057367,66.6667,75,80,60
1775317842108051,60,50,80,40
1775317842158725,60,60,66.6667,60
1775317842209544,75,75,60,25
1775317842260271,83.3333,60,40,66.6667
1775317842310976,25,40,80,66.6667
1775317842361678,80,75,83.3333,80
1775317842412351,50,75,50,75
1775317842463018,83.3333,66.6667,80,50
1775317842513694,50,20,50,66.6667
1775317842564453,50,60,66.6667,60
1775317842615141,40,40,40,60
1775317842665868,66.6667,75,60,75
1775317842716576,50,50,60,60
1775317842767273,25,60,60,71.4286
1775317842817959,66.6667,60,40,80
1775317842868658,75,83.3333,66.6667,50
1775317842919338,60,50,83.3333,83.3333
1775317842970086,75,40,50,75
1775317843020776,66.6667,57.1429,75,83.3333
1775317843071446,75,60,60,40
1775317843122195,75,40,50,60
1775317843172922,80,40,40,66.6667
1775317843223696,80,100,80,80
1775317843274403,66.6667,40,60,50
1775317843325090,60,80,75,83.3333
1775317843375790,80,66.6667,66.6667,66.6667
1775317843426517,80,100,66.6667,75
1775317843477196,80,50,80,66.6667
1775317843527903,75,75,80,60
1775317843578636,83.3333,75,100,100
1775317843629449,83.3333,83.3333,83.3333,83.3333
1775317843680179,80,50,60,60
1775317843730925,40,25,60,60
1775317843781635,75,40,66.6667,20
1775317843832304,80,80,60,50
1775317843883007,40,40,60,75
1775317843933752,80,83.3333,100,100
1775317843984436,83.3333,40,60,50
1775317844035156,60,40,66.6667,25
1775317844085939,100,75,80,75
1775317844136702,80,60,80,85.7143
1775317844187382,50,50,60,50
1775317844238040,60,80,66.6667,80
1775317844288727,50,50,50,80
1775317844339430,66.6667,25,66.6667,50
1775317844390116,60,50,75,66.6667
1775317844440895,60,50,60,66.6667
1775317844491567,60,40,42.8571,57.1429
1775317844542283,80,40,33.3333,25
1775317844593034,40,83.3333,66.6667,66.6667
1775317844643733,60,40,60,60
1775317844694416,80,80,80,75
1775317844745179,80,50,50,66.6667
1775317844795872,71.4286,0,60,60
1775317844846563,60,40,60,40
1775317844897253,60,25,75,66.6667
1775317844947940,80,83.3333,83.3333,83.3333
1775317844998766,66.6667,60,75,60
1775317845049509,100,100,66.6667,100
1775317845100171,40,50,50,50
1775317845150832,66.6667,50,66.6667,60
1775317845201533,60,60,83.3333,50
1775317845252224,60,60,80,75
1775317845302938,60,80,40,50
1775317845353652,80,50,83.3333,75
1775317845404327,83.3333,83.3333,50,83.3333
1775317845455031,60,50,60,50
1775317845505780,33.3333,60,80,25
1775317845556460,85.7143,80,60,75
1775317845607168,25,50,80,50
1775317845657941,75,60,66.6667,60
1775317845708624,75,50,75,60
1775317845759292,40,50,100,33.3333
1775317845809957,71.4286,0,25,80
1775317845860660,80,80,83.3333,80
1775317845911640,60,83.3333,75,83.3333
1775317845962410,60,100,80,60
1775317846013188,75,80,83.3333,80
1775317846063956,66.6667,60,66.6667,80
1775317846114646,60,80,75,60
1775317846165321,50,66.6667,0,50
1775317846215996,50,100,85.7143,60
1775317846266698,66.6667,83.3333,80,80
1775317846317509,50,40,80,80
1775317846368264,100,100,100,100
1775317846418926,75,75,66.6667,50
1775317846469617,60,80,60,66.6667
1775317846520298,66.6667,80,66.6667,66.6667
1775317846571059,60,40,80,80
1775317846621866,50,80,50,75
1775317846672559,50,80,50,80
1775317846723250,50,75,83.3333,60
1775317846773930,66.6667,50,25,50
1775317846824702,60,75,60,66.6667
1775317846875387,60,66.6667,50,40
1775317846926089,80,40,66.6667,75
1775317846976797,100,83.3333,83.3333,100
1775317847027493,66.6667,60,33.3333,80
1775317847078182,75,50,33.3333,40
1775317847128846,40,80,60,40
1775317847179494,60,40,75,33.3333
1775317847230249,50,60,80,75
1775317847280920,40,83.3333,66.6667,60
1775317847331588,80,75,83.3333,60
1775317847382300,16.6667,66.6667,40,80
1775317847432994,75,60,60,60
1775317847483660,60,50,33.3333,20
1775317847534334,20,66.6667,75,75
1775317847585126,80,75,80,50
1775317847635893,50,60,66.6667,80
1775317847686612,75,25,40,75
1775317847737288,60,66.6667,83.3333,66.6667
1775317847787951,40,75,50,60
1775317847838603,40,42.8571,25,66.6667
1775317847889281,50,50,71.4286,75
1775317847939970,25,50,75,60
1775317847990666,80,75,50,60
1775317848041329,50,50,50,33.3333
1775317848092042,80,20,66.6667,60
1775317848142706,50,83.3333,50,60
1775317848193493,83.3333,80,83.3333,80
1775317848244270,57.1429,60,75,80
1775317848295078,75,100,66.6667,80
1775317848345807,0,66.6667,25,66.6667
1775317848396515,50,60,80,66.6667
1775317848447234,83.3333,75,57.1429,75
1775317848497904,60,60,33.3333,25
1775317848548581,60,25,50,71.4286
1775317848599290,60,57.1429,66.6667,75
1775317848649987,60,40,80,66.6667
1775317848700670,60,40,80,60
1775317848751333,40,60,20,50
1775317848802102,80,50,60,50
1775317848852821,60,66.6667,50,80
1775317848903563,75,75,83.3333,60
1775317848954248,20,75,50,66.6667
1775317849004899,66.6667,50,50,60
1775317849055615,75,50,40,50
1775317849106311,80,100,50,50
1775317849157076,66.6667,50,75,50
1775317849207797,75,40,66.6667,66.6667
1775317849258472,60,50,25,33.3333
1775317849309158,40,66.6667,60,50
1775317849359805,66.6667,66.6667,66.6667,25
1775317849410463,40,40,50,60
1775317849461107,80,60,60,50
1775317849511860,83.3333,83.3333,100,66.6667
1775317849562546,60,80,66.6667,80
1775317849613312,50,50,75,60
1775317849663979,83.3333,66.6667,66.6667,71.4286
1775317849714674,25,40,50,50
1775317849765395,20,60,60,60
1775317849816054,33.3333,60,83.3333,40
1775317849866709,50,80,50,40
1775317849917440,60,60,50,66.6667
1775317849968194,66.6667,83.3333,80,50
1775317850018942,60,80,50,80
1775317850069660,100,50,50,80
1775317850120351,50,25,33.3333,60
1775317850171091,40,50,75,60
1775317850221791,80,80,80,75
1775317850272467,66.6667,60,80,60
1775317850323177,50,66.6667,75,50
1775317850373871,60,75,80,50
1775317850424561,60,60,33.3333,40
1775317850475258,60,80,80,80
1775317850525945,40,25,25,60
1775317850576605,57.1429,80,60,60
1775317850627327,50,60,25,40
1775317850678075,60,33.3333,50,60
1775317850728745,60,80,80,100
1775317850779441,80,60,83.3333,60
1775317850830142,40,20,75,66.6667
1775317850880819,50,80,50,75
1775317850931551,75,60,75,33.3333
1775317850982254,50,60,83.3333,40
1775317851032966,40,66.6667,66.6667,75
1775317851083664,80,60,50,42.8571
1775317851134359,25,71.4286,100,50
1775317851185029,100,25,80,80
1775317851235775,40,60,25,75
1775317851286430,40,40,83.3333,60
1775317851337130,60,80,50,83.3333
1775317851387896,50,66.6667,66.6667,80
1775317851438631,66.6667,40,75,66.6667
1775317851489356,80,80,80,60
1775317851540041,60,33.3333,50,83.3333
1775317851590728,50,80,66.6667,75
1775317851641478,80,83.3333,50,60
1775317851692155,60,75,60,83.3333
1775317851742906,40,66.6667,60,50
1775317851793676,66.6667,60,80,60
1775317851844366,50,20,66.6667,66.6667
1775317851895090,100,80,80,50
1775317851945772,40,83.3333,60,40
1775317851996465,50,66.6667,66.6667,60
1775317852047380,60,66.6667,66.6667,66.6667
1775317852098065,66.6667,75,33.3333,25
1775317852148820,60,20,66.6667,60
1775317852199510,50,50,66.6667,50
1775317852250168,60,60,80,40
1775317852300826,83.3333,60,75,80
1775317852351609,83.3333,60,40,80
1775317852402359,40,60,80,66.6667
1775317852453048,50,20,66.6667,66.6667
1775317852503705,75,25,50,50
1775317852554397,60,50,66.6667,60
1775317852605173,60,80,80,80
1775317852655931,80,66.6667,83.3333,66.6667
1775317852706623,80,83.3333,25,75
1775317852757339,60,80,60,66.6667
1775317852808024,50,80,75,75
1775317852858689,80,66.6667,50,40
1775317852909369,60,40,50,66.6667
1775317852960065,60,40,83.3333,75
1775317853010736,83.3333,50,50,50
1775317853061479,60,25,66.6667,60
1775317853112143,25,40,80,50
1775317853162813,40,60,66.6667,66.6667
1775317853213515,75,60,50,66.6667
1775317853264199,80,83.3333,50,75
1775317853314872,50,33.3333,33.3333,60
1775317853365592,75,83.3333,50,50
1775317853416364,60,25,20,83.3333
1775317853467063,75,80,50,60
1775317853517724,60,40,83.3333,40
1775317853568377,80,80,60,60
1775317853619108,80,80,60,50
1775317853669796,60,75,80,66.6667
1775317853720448,66.6667,25,60,33.3333
1775317853771131,50,60,40,40
1775317853821838,75,66.6667,25,75
1775317853872563,80,75,83.3333,66.6667
1775317853923272,33.3333,60,25,66.6667
1775317853973933,66.6667,25,60,75
1775317854024586,40,50,40,60
1775317854075282,75,50,50,50
1775317854125945,60,60,50,66.6667
1775317854176613,80,40,75,75
1775317854227385,60,80,50,50
1775317854278075,60,75,66.6667,75
1775317854328855,25,66.6667,66.6667,40
1775317854379539,80,80,50,60
1775317854430266,80,75,60,60
1775317854480970,66.6667,50,60,60
1775317854531639,66.6667,50,50,60
1775317854582319,66.6667,66.6667,60,80
1775317854633005,57.1429,60,40,80
1775317854683679,60,50,60,60
1775317854734348,80,25,50,50
1775317854785049,80,40,20,60
1775317854835727,60,80,60,80
1775317854886397,25,50,50,60
1775317854937099,57.1429,83.3333,33.3333,60
1775317854987776,50,66.6667,40,80
1775317855038465,66.6667,66.6667,66.6667,40
1775317855089142,60,33.3333,50,60
1775317855139814,25,20,50,50
1775317855190528,80,66.6667,25,60
1775317855241230,40,75,83.3333,40
1775317855291899,40,40,60,80
1775317855342561,66.6667,60,0,57.1429
1775317855393238,66.6667,60,40,50
1775317855443920,71.4286,60,83.3333,66.6667
1775317855494630,33.3333,83.3333,66.6667,75
1775317855545329,50,60,83.3333,60
1775317855596013,80,80,80,40
1775317855646711,50,83.3333,40,60
1775317855697415,50,60,40,50
1775317855748088,50,80,66.6667,80
1775317855798777,60,83.3333,66.6667,60
1775317855849546,66.6667,60,80,80
1775317855900287,66.6667,100,60,83.3333
1775317855951090,50,40,80,40
1775317856001885,100,100,75,75
1775317856052607,60,75,66.6667,80
1775317856103285,50,66.6667,0,25
1775317856153938,60,83.3333,60,80
1775317856204617,50,0,40,60
1775317856255307,60,50,60,66.6667
1775317856305984,57.1429,75,75,60
1775317856356671,100,50,83.3333,75
1775317856407360,80,75,25,66.6667
1775317856458109,60,60,50,25
1775317856508825,80,66.6667,83.3333,60
1775317856559547,80,75,60,66.6667
1775317856610251,80,80,80,80
1775317856660928,66.6667,100,50,75
1775317856711692,83.3333,80,60,50
1775317856762396,60,25,50,20
1775317856813103,40,50,57.1429,80
1775317856863793,60,25,60,60
1775317856914477,75,75,40,80
1775317856965191,60,60,40,33.3333
1775317857015878,60,80,100,80
1775317857066550,60,50,60,60
1775317857117203,25,50,40,60
1775317857167856,57.1429,83.3333,0,66.6667
1775317857218540,80,66.6667,60,66.6667
1775317857269209,83.3333,83.3333,75,75
1775317857319895,80,25,40,60
1775317857370563,60,75,80,80
1775317857421249,75,50,80,75
1775317857471920,33.3333,83.3333,66.6667,66.6667
1775317857522592,66.6667,60,40,66.6667
1775317857573247,0,80,60,60
1775317857624005,85.7143,60,60,50
1775317857674746,66.6667,80,80,50
1775317857725506,60,50,75,66.6667
1775317857776199,60,60,60,75
1775317857826996,66.6667,40,80,80
1775317857877734,50,66.6667,60,66.6667
1775317857928432,40,66.6667,33.3333,60
1775317857979140,40,50,66.6667,66.6667
1775317858029829,66.6667,25,66.6667,20
1775317858080565,33.3333,60,40,80
1775317858131323,80,80,85.7143,100
1775317858182293,57.1429,40,80,60
1775317858233052,50,50,50,66.6667
1775317858283754,60,66.6667,80,80
1775317858334509,60,50,25,57.1429
1775317858385220,71.4286,50,66.6667,33.3333
1775317858435950,80,80,80,75
1775317858486716,50,80,80,66.6667
1775317858537477,50,60,75,50
1775317858588209,60,40,66.6667,80
1775317858638887,60,60,33.3333,50
1775317858689621,75,50,50,80
1775317858740319,50,50,66.6667,60
1775317858791037,40,60,60,25
1775317858841737,50,20,60,80
1775317858892474,85.7143,60,40,80
1775317858943214,66.6667,80,75,60
1775317858993893,66.6667,75,66.6667,75
1775317859044589,66.6667,40,40,50
1775317859095375,40,80,20,50
1775317859146043,75,50,66.6667,66.6667
1775317859196738,83.3333,66.6667,33.3333,66.6667
1775317859247424,80,66.6667,25,50
1775317859298159,60,71.4286,80,100
1775317859348854,60,75,42.8571,50
1775317859399569,75,60,75,60
1775317859450246,50,50,60,80
1775317859500923,60,50,50,60
1775317859551584,66.6667,40,40,75
1775317859602248,40,60,75,60
1775317859652948,66.6667,75,25,66.6667
1775317859703631,80,60,40,60
1775317859754364,25,60,60,60
1775317859805067,75,100,83.3333,60
1775317859855764,80,80,80,80
1775317859906428,40,20,50,40
1775317859957142,100,100,100,100
1775317860007815,0,66.6667,0,50
1775317860058584,80,83.3333,80,100
1775317860109299,83.3333,75,20,60
1775317860159976,60,80,66.6667,60
1775317860210645,75,80,80,60
1775317860261344,60,66.6667,75,50
1775317860312076,66.6667,80,66.6667,80
1775317860362785,71.4286,60,75,50
1775317860413520,50,60,60,25
1775317860464197,80,60,66.6667,80
1775317860514876,60,80,60,75
1775317860566468,50,57.1429,60,40
1775317860617132,66.6667,60,80,25
1775317860667836,60,75,66.6667,50
1775317860718540,50,75,80,80
1775317860769258,75,60,60,50
1775317860819943,66.6667,50,40,75
1775317860870605,50,66.6667,75,40
1775317860921324,80,33.3333,40,40
1775317860971994,80,60,66.6667,66.6667
1775317861022744,80,60,75,75
1775317861073509,66.6667,60,80,50
1775317861124268,50,50,57.1429,80
1775317861174988,60,75,75,75
1775317861225701,50,33.3333,80,80
1775317861276356,83.3333,20,40,50
1775317861327029,40,83.3333,33.3333,50
1775317861377687,60,50,60,60
1775317861428357,50,60,66.6667,66.6667
1775317861479042,50,40,75,75
1775317861529776,25,25,60,50
1775317861580470,71.4286,80,20,75
1775317861631194,83.3333,80,60,75
1775317861681903,50,20,80,50
1775317861732678,80,40,50,40
1775317861783344,40,66.6667,60,60
1775317861834032,50,80,80,60
1775317861884719,80,80,80,60
1775317861935378,25,50,80,80
1775317861986061,57.1429,50,60,40
1775317862036805,80,66.6667,85.7143,100
1775317862087482,50,80,50,50
1775317862138181,80,80,75,60
1775317862188913,83.3333,50,80,50
1775317862239598,40,80,60,60
1775317862290290,50,60,66.6667,40
1775317862340981,60,60,80,80
1775317862391656,80,60,66.6667,50
1775317862442409,75,50,75,66.6667
1775317862493128,66.6667,80,75,80
1775317862543812,66.6667,66.6667,20,60
1775317862594495,66.6667,40,50,60
1775317862645190,75,75,75,75
1775317862695859,60,40,50,66.6667
1775317862746530,75,66.6667,60,80
1775317862797220,50,60,33.3333,60
1775317862847908,60,80,66.6667,60
1775317862898591,80,80,75,60
1775317862949250,33.3333,50,66.6667,60
1775317862999931,25,50,80,50
1775317863050617,80,60,60,83.3333
1775317863101305,66.6667,80,50,80
1775317863151988,80,60,60,25
1775317863202668,50,60,60,16.6667
1775317863253403,80,0,60,66.6667
1775317863304092,66.6667,80,75,75
1775317863354762,60,60,80,80
1775317863405452,50,80,57.1429,40
1775317863456135,50,75,33.3333,60
1775317863506830,83.3333,50,80,66.6667
1775317863557557,40,66.6667,75,50
1775317863608280,83.3333,60,83.3333,75
1775317863658984,40,80,50,83.3333
1775317863709666,66.6667,60,60,60
1775317863760355,80,40,75,40
1775317863811107,66.6667,66.6667,50,60
1775317863861796,100,66.6667,80,80
1775317863912522,60,83.3333,80,75
1775317863963339,40,60,75,80
1775317864014020,50,60,66.6667,66.6667
1775317864064700,71.4286,100,75,40
1775317864115417,80,80,66.6667,60
1775317864166114,80,66.6667,80,100
1775317864216811,60,60,40,75
1775317864267500,100,80,100,80
1775317864318198,100,100,100,100
1775317864368945,100,100,100,100
1775317864419649,100,100,100,100
1775317864470557,100,100,100,100
1775317864521257,100,100,100,100
1775317864571986,100,100,100,100
1775317864622689,100,100,100,100
1775317864673409,100,100,100,100
1775317864724204,100,100,100,100
1775317864775007,100,100,100,100
1775317864825766,100,100,100,100
1775317864876536,100,100,100,100
1775317864927254,100,100,100,100
1775317864977993,100,100,100,100
1775317865028772,100,100,100,100
1775317865079470,100,100,100,100
1775317865130210,100,100,100,83.3333
1775317865180963,100,100,100,100
1775317865231775,100,100,100,100
1775317865282556,100,100,100,100
1775317865333282,75,83.3333,100,100
1775317865384045,100,100,100,100
1775317865434721,100,100,100,100
1775317865485460,100,100,83.3333,100
1775317865536155,100,100,100,100
1775317865586889,80,75,100,100
1775317865637626,100,100,100,80
1775317865688418,100,100,100,100
1775317865739226,100,100,100,100
1775317865789999,100,100,100,100
1775317865840803,100,100,100,100
1775317865891537,100,100,100,100
1775317865942298,100,100,100,100
1775317865993055,100,100,100,100
1775317866043743,100,100,100,100
1775317866094456,100,100,100,100
1775317866145159,100,100,100,100
1775317866195901,100,100,100,100
1775317866246586,100,100,100,100
1775317866297328,100,100,100,100
1775317866348002,100,100,100,100
1775317866398695,100,100,100,100
1775317866449398,100,100,100,100
1775317866500130,100,100,100,100
1775317866550896,100,100,100,100
1775317866601673,100,100,100,100
1775317866652384,100,100,100,100
1775317866703129,100,100,100,100
1775317866753917,100,100,100,100
1775317866804672,100,100,100,100
1775317866855377,100,100,100,100
1775317866906137,100,100,100,100
1775317866956900,100,100,100,100
1775317867007660,100,100,100,100
1775317867058394,100,100,100,100
1775317867109124,100,100,100,100
1775317867159926,100,100,100,100
1775317867210720,100,100,100,100
1775317867261545,100,100,100,100
1775317867312302,100,100,100,100
1775317867363083,100,100,100,100
1775317867413822,100,100,100,100
1775317867464541,100,100,100,100
1775317867515282,100,100,100,100
1775317867565965,100,100,100,100
1775317867616784,100,100,100,100
1775317867667492,100,100,100,100
1775317867718244,100,100,100,100
1775317867768981,80,100,100,83.3333
1775317867819706,100,100,100,100
1775317867870480,100,100,83.3333,100
1775317867921355,100,100,100,100
1775317867972206,100,100,100,100
1775317868023052,100,100,100,100
1775317868073811,100,75,100,100
1775317868124546,100,100,100,100
1775317868175353,100,100,100,100
1775317868226121,100,100,100,83.3333
1775317868276876,100,100,100,100
1775317868327577,100,100,100,100
1775317868378374,100,100,100,100
1775317868429101,100,100,100,100
1775317868479790,100,100,100,100
1775317868530492,100,100,100,100
1775317868581182,100,100,100,100
1775317868631887,100,100,100,100
1775317868682941,100,100,100,100
1775317868734051,100,100,100,100
1775317868784799,100,100,100,100
1775317868835569,100,100,100,100
1775317868886318,100,100,100,100
1775317868937113,100,83.3333,100,100
1775317868987928,100,100,100,100
1775317869038731,100,100,100,100
1775317869089497,100,100,100,100
1775317869140261,100,100,83.3333,100
1775317869191017,80,100,100,100
1775317869241821,100,100,100,100
1775317869292593,100,100,100,100
1775317869343331,100,100,100,100
1775317869394071,100,100,100,100
1775317869444804,100,100,100,100
1775317869495566,100,100,100,100
1775317869546328,100,100,100,83.3333
1775317869597095,100,100,100,100
1775317869647902,100,100,100,100
1775317869698666,100,100,100,100
1775317869749560,100,83.3333,100,100
1775317869800283,100,100,100,100
1775317869851034,100,100,100,100
1775317869901769,100,100,100,100
1775317869952543,100,100,83.3333,100
1775317870003311,100,100,100,100
1775317870054118,100,100,100,100
1775317870104854,100,100,100,100
1775317870155652,100,100,100,100
1775317870206382,100,100,100,100
1775317870257164,80,100,100,85.7143
1775317870307946,100,100,100,100
1775317870358773,100,100,100,100
1775317870409588,100,100,100,100
1775317870460342,100,100,100,100
1775317870511071,100,100,100,100
1775317870561836,100,100,100,100
1775317870612524,100,100,100,100
1775317870663385,100,100,100,100
1775317870714278,100,100,80,100
1775317870765056,100,100,100,100
1775317870815782,100,100,100,100
1775317870866569,100,100,100,100
1775317870917297,100,100,100,100
1775317870967989,100,100,100,100
1775317871018751,100,100,100,100
1775317871069492,100,100,100,100
1775317871120287,100,100,100,100
1775317871171125,100,100,100,100
1775317871221918,100,100,100,100
1775317871272636,100,100,100,100
1775317871323373,85.7143,85.7143,100,100
1775317871374105,100,100,100,100
1775317871424842,100,100,100,100
1775317871475571,100,100,100,100
1775317871526303,100,100,100,100
1775317871577085,100,100,100,100
1775317871627880,100,100,100,83.3333
1775317871678660,100,100,100,100
1775317871729418,100,100,100,100
1775317871780122,100,100,100,100
1775317871830906,100,100,100,100
1775317871881738,100,100,100,100
1775317871932461,100,100,100,100
1775317871983234,100,100,100,100
1775317872033961,100,100,100,100
1775317872084716,100,100,100,100
1775317872135466,100,100,100,100
1775317872186193,100,100,100,100
1775317872236913,100,100,100,100
1775317872287661,100,100,100,100
1775317872338435,100,100,100,100
1775317872389180,100,100,100,100
1775317872439935,100,100,100,83.3333
1775317872490776,100,100,100,100
1775317872541556,100,100,100,100
1775317872592334,100,100,100,100
1775317872643216,100,100,83.3333,100
1775317872693960,100,100,100,100
1775317872744700,100,100,100,100
1775317872795494,100,100,100,100
1775317872846220,100,100,100,100
1775317872896979,100,100,100,100
1775317872947758,100,100,100,100
1775317872998549,100,100,100,100
1775317873049291,100,100,100,100
1775317873100060,100,100,100,100
1775317873150834,100,100,100,100
1775317873201561,100,83.3333,100,100
1775317873252282,100,100,100,100
1775317873303057,100,100,100,100
1775317873353863,100,100,100,100
1775317873404624,100,100,100,100
1775317873455351,100,100,100,100
1775317873506109,100,100,100,100
1775317873556855,100,100,100,100
1775317873607598,100,100,100,100
1775317873658331,100,100,100,100
1775317873709064,83.3333,100,100,100
1775317873759833,100,100,100,83.3333
1775317873810599,100,100,100,100
1775317873861334,100,100,100,100
1775317873912126,100,100,100,100
1775317873962866,100,100,100,83.3333
1775317874013677,100,100,83.3333,100
1775317874064449,100,100,100,100
1775317874115285,100,100,100,100
1775317874166067,100,83.3333,100,100
1775317874216926,100,100,100,100
1775317874267727,100,100,100,100
1775317874318473,100,100,100,100
1775317874369198,100,100,100,100
1775317874419962,100,100,100,100
1775317874470758,100,100,100,100
1775317874521619,100,100,100,100
1775317874572326,100,100,100,100
1775317874623022,100,100,100,100
1775317874673783,100,100,100,100
1775317874724510,100,100,100,100
1775317874775259,100,100,100,100
1775317874826074,100,100,100,100
1775317874876842,100,100,100,100
1775317874927574,100,100,100,80
1775317874978290,100,100,100,100
1775317875029012,100,100,100,100
1775317875079740,100,100,100,100
1775317875130580,85.7143,100,83.3333,100
1775317875181323,100,100,100,100
1775317875232088,100,100,100,100
1775317875282826,100,100,100,100
1775317875333649,83.3333,100,100,80
1775317875384388,100,100,100,100
1775317875435115,100,100,100,100
1775317875485775,100,80,100,100
1775317875536458,100,100,100,100
1775317875587213,100,100,100,100
1775317875637931,100,100,100,100
1775317875688716,100,100,100,100
1775317875739460,100,100,100,100
1775317875790164,100,100,100,100
1775317875840924,100,100,100,100
1775317875891715,100,100,100,100
1775317875942476,100,100,100,100
1775317875993261,100,100,100,100
1775317876043994,100,100,100,100
1775317876094702,100,100,100,100
1775317876145621,100,100,100,100
1775317876196435,100,100,83.3333,83.3333
1775317876247229,83.3333,100,100,100
1775317876297971,100,100,100,100
1775317876348831,100,100,100,100
1775317876399575,100,83.3333,100,100
1775317876450361,100,100,100,100
1775317876501128,100,100,100,100
1775317876551905,100,100,100,100
1775317876602605,100,100,100,100
1775317876653319,100,100,100,100
1775317876704073,100,100,100,100
1775317876754828,100,100,100,100
1775317876805599,100,100,100,100
1775317876856348,83.3333,100,100,83.3333
1775317876907292,100,100,100,100
1775317876958015,100,100,100,100
1775317877008767,100,100,100,100
1775317877059528,100,100,100,100
1775317877110227,100,100,100,100
1775317877160945,100,100,100,100
1775317877211666,100,100,100,100
1775317877262332,100,100,100,100
1775317877313951,100,100,100,100
1775317877364756,100,100,100,100
1775317877415485,100,100,100,100
1775317877466242,100,100,100,100
1775317877516944,100,80,100,100
1775317877567674,100,100,85.7143,100
1775317877618421,100,100,100,100
1775317877669120,100,83.3333,100,100
1775317877719885,100,100,100,100
1775317877770651,80,100,100,100
1775317877821399,100,100,100,100
1775317877872095,100,100,100,100
1775317877922867,100,100,100,100
1775317877973691,100,100,100,100
1775317878024485,100,100,100,100
1775317878075271,100,100,100,83.3333
1775317878126016,100,100,100,100
1775317878176834,100,100,100,100
1775317878227631,100,100,100,100
1775317878278396,100,100,100,100
1775317878329161,100,100,100,100
1775317878379933,100,100,100,100
1775317878430644,100,100,100,100
1775317878481353,100,100,100,100
1775317878532127,100,100,100,100
1775317878582866,100,100,100,100
1775317878633757,100,100,100,100
1775317878684569,100,100,100,100
1775317878735425,100,100,100,100
1775317878786214,100,100,83.3333,100
1775317878836961,80,100,100,100
1775317878887747,100,100,100,100
1775317878938487,100,100,100,100
1775317878989203,100,100,100,100
1775317879039966,100,100,100,100
1775317879090675,100,80,100,100
1775317879141464,100,100,100,83.3333
1775317879192261,100,100,100,100
1775317879243003,100,100,100,100
1775317879293763,100,100,100,100
1775317879344556,100,100,100,100
1775317879395309,100,100,100,100
1775317879446043,100,100,100,100
1775317879496737,83.3333,100,100,100
1775317879547543,100,100,100,100
1775317879598308,100,100,100,100
1775317879649057,100,100,100,100
1775317879699827,100,100,83.3333,83.3333
1775317879750552,100,100,100,100
1775317879801330,100,100,100,100
1775317879852126,100,100,100,100
1775317879902871,100,100,100,100
1775317879953642,100,100,100,100
1775317880004410,100,100,100,100
1775317880055192,100,100,100,100
1775317880105925,100,80,100,100
1775317880156692,100,100,100,100
1775317880207516,100,100,100,100
1775317880258242,100,100,100,100
1775317880308955,100,100,100,100
1775317880359645,100,100,100,100
1775317880410358,100,100,100,100
1775317880461117,100,100,100,100
1775317880511842,100,100,100,100
1775317880562565,100,100,100,100
1775317880613262,100,100,100,100
1775317880663970,100,100,100,100
1775317880714729,100,100,100,100
1775317880765565,100,100,100,100
1775317880816383,100,100,100,100
1775317880867320,100,100,100,100
1775317880918133,83.3333,100,100,80
1775317880968855,100,100,100,100
1775317881019619,100,100,100,100
1775317881070315,100,80,100,100
1775317881121003,100,100,83.3333,100
1775317881171729,100,100,100,100
1775317881222419,100,100,100,100
1775317881273188,100,100,100,100
1775317881323909,100,100,100,100
1775317881374630,100,100,100,100
1775317881425340,100,100,100,100
1775317881476083,100,100,83.3333,100
1775317881526785,100,100,100,100
1775317881577580,100,100,100,100
1775317881628351,100,100,100,100
1775317881679086,100,100,100,100
1775317881729854,100,100,100,100
1775317881780668,100,100,100,100
1775317881831442,100,100,100,100
1775317881882144,100,100,100,80
1775317881932907,100,100,100,100
1775317881983650,100,100,100,100
1775317882034433,100,83.3333,100,100
1775317882085226,85.7143,100,100,100
1775317882136046,100,100,100,100
1775317882186793,100,100,100,100
1775317882237531,100,100,100,100
1775317882288316,100,100,100,100
1775317882339082,100,100,100,100
1775317882389855,100,100,100,100
1775317882440614,100,100,100,100
1775317882491344,100,100,100,100
1775317882542090,100,100,100,100
1775317882592899,100,100,100,100
1775317882643709,100,100,100,100
1775317882694417,100,100,100,100
1775317882745102,100,100,100,100
1775317882795856,100,100,100,100
1775317882846552,100,100,100,80
1775317882897324,100,100,80,100
1775317882948054,100,100,100,100
1775317882998736,100,100,100,100
1775317883049454,100,100,100,100
1775317883100395,100,83.3333,100,100
1775317883151168,100,100,83.3333,100
1775317883201916,100,100,100,100
1775317883252640,100,100,100,100
1775317883303377,100,100,100,83.3333
1775317883354148,100,100,100,100
1775317883404909,100,100,100,100
1775317883455687,100,100,100,100
1775317883506515,100,100,100,100
1775317883557319,85.7143,100,75,100
1775317883608022,100,100,100,100
1775317883658783,100,100,100,100
1775317883709585,100,100,100,100
1775317883760368,100,100,100,100
1775317883811174,100,100,100,100
1775317883861967,100,100,100,100
1775317883912712,100,100,100,100
1775317883963489,100,100,100,100
1775317884014282,100,100,100,100
1775317884065062,100,100,100,83.3333
1775317884115784,100,100,83.3333,100
1775317884166515,100,100,100,100
1775317884217238,100,83.3333,100,100
1775317884267911,100,100,100,100
1775317884318540,100,100,100,100
1775317884369098,100,100,100,100
1775317884419751,100,100,100,100
1775317884470527,100,100,100,100
