timestamp,cpu4,cpu6,cpu8,cpu10
1775500736326345,0,0,0,0
1775500736376726,0,0,0,0
1775500736427140,0,0,0,0
1775500736477639,0,0,0,0
1775500736528041,0,0,0,0
1775500736578439,0,0,0,0
1775500736628884,0,0,0,0
1775500736679537,0,0,0,0
1775500736730152,0,0,0,0
1775500736780644,0,0,0,0
1775500736831315,0,0,0,0
1775500736881744,0,0,0,0
1775500736932152,0,0,0,0
1775500736982554,0,0,0,0
1775500737033125,0,0,0,0
1775500737083706,0,0,0,0
1775500737134236,0,0,0,0
1775500737184817,0,0,0,0
1775500737235246,0,0,0,0
1775500737285650,0,0,0,0
1775500737336055,0,0,0,0
1775500737386727,0,0,0,0
1775500737437228,0,0,0,0
1775500737487639,0,0,0,0
1775500737538218,0,0,0,0
1775500737588622,0,0,0,0
1775500737639050,0,0,0,0
1775500737689707,0,0,0,0
1775500737740114,0,0,0,0
1775500737790748,0,0,0,0
1775500737841190,0,0,0,0
1775500737891595,0,0,0,0
1775500737942175,0,0,0,0
1775500737992579,0,0,0,0
1775500738042960,100,100,100,80
1775500738093377,100,100,100,100
1775500738144076,100,100,100,100
1775500738194493,25,40,0,16.6667
1775500738245171,60,60,33.3333,0
1775500738295680,66.6667,40,0,0
1775500738346088,40,20,16.6667,16.6667
1775500738396544,60,25,0,0
1775500738447129,66.6667,20,16.6667,0
1775500738497534,40,57.1429,20,0
1775500738547965,60,40,0,20
1775500738598373,60,40,0,0
1775500738648815,60,50,25,0
1775500738699432,66.6667,0,0,0
1775500738749837,60,0,16.6667,0
1775500738800242,60,57.1429,0,0
1775500738850853,50,20,16.6667,0
1775500738901261,40,0,16.6667,0
1775500738951733,60,50,0,0
1775500739002138,60,50,20,0
1775500739052639,33.3333,40,16.6667,0
1775500739103169,60,20,0,0
1775500739153576,66.6667,40,33.3333,0
1775500739204156,40,42.8571,0,0
1775500739254814,50,50,28.5714,0
1775500739305484,75,25,20,16.6667
1775500739356178,50,50,0,0
1775500739406579,40,50,20,0
1775500739457151,60,0,20,20
1775500739507814,75,25,33.3333,0
1775500739558455,50,60,0,0
1775500739609111,60,50,20,0
1775500739659522,40,33.3333,16.6667,0
1775500739710073,66.6667,50,20,0
1775500739760553,50,66.6667,20,0
1775500739811188,60,50,0,0
1775500739861766,50,50,16.6667,0
1775500739912170,50,25,20,0
1775500739962604,66.6667,50,0,0
1775500740013075,50,60,33.3333,20
1775500740063670,75,40,0,0
1775500740114123,50,50,20,0
1775500740164772,33.3333,40,33.3333,16.6667
1775500740215363,75,60,0,0
1775500740265767,62.5,40,0,0
1775500740316197,80,50,40,16.6667
1775500740366786,66.6667,66.6667,0,0
1775500740417395,80,25,25,0
1775500740467932,66.6667,60,20,0
1775500740518343,66.6667,60,33.3333,0
1775500740568749,60,50,0,0
1775500740619178,75,40,20,16.6667
1775500740669595,50,25,20,20
1775500740720005,80,60,20,0
1775500740770674,60,40,20,0
1775500741006826,66.6667,50,33.3333,0
1775500741057233,60,60,40,0
1775500741107795,80,85.7143,50,33.3333
1775500741158349,40,33.3333,0,0
1775500741209008,80,75,42.8571,0
1775500741259414,50,50,40,0
1775500741309821,66.6667,40,0,0
1775500741360292,80,40,20,0
1775500741410716,60,80,25,33.3333
1775500741461124,50,25,20,0
1775500741511749,75,60,20,0
1775500741562257,66.6667,40,20,20
1775500741612686,66.6667,60,40,16.6667
1775500741663211,50,60,40,0
1775500741713644,57.1429,66.6667,20,16.6667
1775500741764230,75,50,25,20
1775500741814767,83.3333,50,40,20
1775500741865179,50,40,20,0
1775500741915620,66.6667,60,33.3333,16.6667
1775500741966291,75,60,20,20
1775500742016699,80,50,25,0
1775500742067252,60,60,33.3333,16.6667
1775500742117707,80,80,40,40
1775500742168135,83.3333,33.3333,20,16.6667
1775500742218543,75,50,0,0
1775500742269221,83.3333,60,40,20
1775500742319662,60,50,20,0
1775500742370066,83.3333,75,25,20
1775500742420482,50,40,33.3333,0
1775500742470887,80,66.6667,40,20
1775500742521437,83.3333,66.6667,20,16.6667
1775500742571868,66.6667,40,40,20
1775500742622469,66.6667,75,33.3333,16.6667
1775500742672906,66.6667,60,25,0
1775500742723452,60,50,20,0
1775500742773918,80,40,33.3333,0
1775500742824415,50,60,40,0
1775500742874915,80,60,0,0
1775500742925333,50,40,33.3333,16.6667
1775500742975740,80,60,25,0
1775500743026228,60,80,40,0
1775500743076632,83.3333,66.6667,50,0
1775500743127269,66.6667,60,40,20
1775500743177743,75,60,0,0
1775500743228181,80,66.6667,50,33.3333
1775500743278597,60,60,40,0
1775500743329193,83.3333,66.6667,20,0
1775500743379599,80,75,25,0
1775500743430004,66.6667,80,40,0
1775500743480538,80,60,33.3333,0
1775500743531145,75,60,33.3333,0
1775500743581551,66.6667,50,33.3333,0
1775500743631959,80,66.6667,25,20
1775500743682371,83.3333,60,33.3333,33.3333
1775500743733039,80,60,40,0
1775500743783519,80,60,25,20
1775500743833932,80,50,50,0
1775500743884572,100,80,40,20
1775500743934982,66.6667,60,25,16.6667
1775500743985438,75,66.6667,33.3333,0
1775500744035844,75,75,50,20
1775500744086424,83.3333,60,25,0
1775500744137054,60,75,33.3333,16.6667
1775500744187723,100,50,33.3333,33.3333
1775500744238237,66.6667,71.4286,33.3333,0
1775500744288651,80,66.6667,25,20
1775500744339056,80,80,20,0
1775500744389463,85.7143,75,40,0
1775500744440053,75,60,50,20
1775500744490458,75,60,25,33.3333
1775500744540862,80,80,50,33.3333
1775500744591271,75,50,33.3333,0
1775500744641791,80,83.3333,50,0
1775500744692503,75,75,50,40
1775500744742969,60,80,25,16.6667
1775500744793615,100,66.6667,60,25
1775500744844060,75,75,40,20
1775500744894468,83.3333,83.3333,50,20
1775500744945126,80,60,50,20
1775500744995562,80,50,40,33.3333
1775500745045964,75,80,50,0
1775500745096525,75,60,25,20
1775500745146943,83.3333,75,33.3333,0
1775500745197352,75,66.6667,50,33.3333
1775500745247765,66.6667,80,25,20
1775500745298434,100,60,66.6667,25
1775500745349128,83.3333,60,25,33.3333
1775500745399536,80,60,50,0
1775500745449941,83.3333,80,40,20
1775500745500712,80,60,40,40
1775500745551218,80,75,25,20
1775500745601794,80,80,66.6667,16.6667
1775500745652200,80,75,25,25
1775500745702778,100,50,50,20
1775500745753190,83.3333,80,60,33.3333
1775500745803842,80,60,40,33.3333
1775500745854313,80,80,60,60
1775500745904998,100,80,40,0
1775500745955633,80,60,33.3333,0
1775500746006039,83.3333,80,50,40
1775500746056498,75,80,75,50
1775500746107218,80,83.3333,66.6667,40
1775500746157744,80,66.6667,40,20
1775500746208364,83.3333,80,50,0
1775500746258872,75,80,33.3333,40
1775500746309396,83.3333,60,33.3333,0
1775500746360016,80,80,50,20
1775500746410418,100,80,25,40
1775500746461116,83.3333,60,50,20
1775500746511606,100,80,50,33.3333
1775500746562179,83.3333,80,40,40
1775500746612593,80,50,40,0
1775500746663123,80,83.3333,33.3333,20
1775500746713554,80,60,25,0
1775500746763970,80,75,60,33.3333
1775500746814613,100,80,33.3333,20
1775500746865018,80,83.3333,60,40
1775500746915395,100,66.6667,50,33.3333
1775500746965836,80,80,50,25
1775500747016413,83.3333,50,40,33.3333
1775500747066825,80,66.6667,50,0
1775500747117201,75,75,60,20
1775500747167597,80,75,60,40
1775500747218002,80,66.6667,50,0
1775500747268651,80,80,25,20
1775500747319195,83.3333,50,25,20
1775500747369607,75,83.3333,66.6667,25
1775500747420067,80,66.6667,80,33.3333
1775500747470672,100,83.3333,40,20
1775500747521192,80,60,50,20
1775500747571738,80,50,40,0
1775500747622111,80,80,40,20
1775500747672698,80,60,25,20
1775500747723169,80,66.6667,40,25
1775500747773662,100,75,60,20
1775500747824035,80,80,40,20
1775500747874449,83.3333,80,40,20
1775500747925069,80,66.6667,33.3333,0
1775500747975538,80,80,40,20
1775500748026128,100,75,60,33.3333
1775500748076605,83.3333,50,25,33.3333
1775500748127278,80,80,40,20
1775500748177692,80,80,66.6667,20
1775500748228107,100,80,66.6667,40
1775500748278750,80,83.3333,25,33.3333
1775500748329391,83.3333,80,50,0
1775500748379810,83.3333,40,50,20
1775500748430316,80,75,40,42.8571
1775500748480816,100,83.3333,60,25
1775500748531194,80,75,66.6667,25
1775500748581608,75,83.3333,60,40
1775500748632051,83.3333,60,40,33.3333
1775500748682728,75,83.3333,0,0
1775500748733266,83.3333,80,40,20
1775500748783712,80,50,40,20
1775500748834277,80,71.4286,40,20
1775500748884713,80,80,50,33.3333
1775500748935416,100,75,66.6667,33.3333
1775500748985825,75,83.3333,33.3333,20
1775500749036480,80,60,50,33.3333
1775500749086913,80,80,25,0
1775500749137319,80,60,25,16.6667
1775500749187998,80,60,40,33.3333
1775500749238439,100,83.3333,66.6667,33.3333
1775500749288964,83.3333,83.3333,60,20
1775500749339447,80,75,40,20
1775500749389887,80,80,50,40
1775500749440356,80,50,40,0
1775500749490873,80,80,60,50
1775500749541492,100,40,0,16.6667
1775500749592014,75,75,60,33.3333
1775500749642708,83.3333,60,40,20
1775500749693112,80,100,50,0
1775500749743525,83.3333,33.3333,33.3333,20
1775500749793934,75,66.6667,50,40
1775500749844513,83.3333,66.6667,50,16.6667
1775500749894977,80,60,40,0
1775500749945433,80,75,40,20
1775500749995812,80,71.4286,66.6667,40
1775500750046220,100,66.6667,50,33.3333
1775500750096796,83.3333,75,40,40
1775500750147466,83.3333,75,60,50
1775500750197874,100,60,25,20
1775500750248455,80,75,40,25
1775500750298870,83.3333,66.6667,60,50
1775500750349520,80,80,50,33.3333
1775500750399929,100,66.6667,60,0
1775500750450404,75,50,0,0
1775500750500970,85.7143,66.6667,66.6667,50
1775500750551411,83.3333,71.4286,40,25
1775500750601874,80,66.6667,40,16.6667
1775500750652309,100,75,60,40
1775500750702735,75,71.4286,40,0
1775500750753285,83.3333,66.6667,66.6667,40
1775500750803697,83.3333,100,40,20
1775500750854370,75,66.6667,60,42.8571
1775500750904819,80,66.6667,40,25
1775500750955353,100,75,50,20
1775500751005864,75,80,50,20
1775500751056271,83.3333,71.4286,50,33.3333
1775500751106913,83.3333,80,40,20
1775500751157426,66.6667,60,40,20
1775500751207916,83.3333,75,50,40
1775500751258329,100,83.3333,50,0
1775500751308856,80,75,57.1429,33.3333
1775500751359293,80,60,33.3333,40
1775500751409768,80,50,50,40
1775500751460499,100,75,50,20
1775500751510911,83.3333,50,40,20
1775500751561486,80,75,40,25
1775500751612120,80,50,50,25
1775500751662554,75,80,25,16.6667
1775500751713139,80,60,40,0
1775500751763570,75,66.6667,60,42.8571
1775500751814262,83.3333,66.6667,40,20
1775500751864737,75,66.6667,42.8571,0
1775500751915116,100,60,25,0
1775500751965794,80,80,60,50
1775500752016256,80,50,25,0
1775500752066752,80,60,50,20
1775500752117161,80,75,60,20
1775500752167566,100,75,66.6667,60
1775500752218197,83.3333,83.3333,66.6667,20
1775500752268659,75,60,50,20
1775500752319115,75,75,25,40
1775500752369523,80,66.6667,50,0
1775500752420017,100,75,66.6667,40
1775500752470677,83.3333,71.4286,66.6667,40
1775500752521053,80,60,25,0
1775500752571730,80,80,60,16.6667
1775500752622422,83.3333,80,25,0
1775500752672862,100,66.6667,66.6667,57.1429
1775500752723495,75,66.6667,50,0
1775500752773901,80,80,50,33.3333
1775500752824470,80,83.3333,60,40
1775500752875039,80,60,33.3333,33.3333
1775500752925422,100,80,66.6667,0
1775500752976104,75,50,40,16.6667
1775500753026529,85.7143,80,60,40
1775500753076906,80,50,40,16.6667
1775500753127509,85.7143,66.6667,40,0
1775500753177955,80,80,50,42.8571
1775500753228532,66.6667,60,0,20
1775500753278971,83.3333,75,50,20
1775500753329555,80,60,25,20
1775500753380243,80,66.6667,20,0
1775500753430932,80,60,50,33.3333
1775500753481512,83.3333,80,50,0
1775500753531919,80,75,60,20
1775500753582312,80,60,25,28.5714
1775500753632766,80,83.3333,50,25
1775500753683454,83.3333,60,50,20
1775500753733846,80,60,20,0
1775500753784320,100,80,50,33.3333
1775500753834877,83.3333,50,0,33.3333
1775500753885310,83.3333,60,40,20
1775500753935733,75,60,33.3333,0
1775500753986266,80,75,50,16.6667
1775500754036994,80,60,50,20
1775500754087417,80,50,57.1429,0
1775500754138056,80,100,75,60
1775500754188772,75,66.6667,50,20
1775500754239240,80,66.6667,40,33.3333
1775500754289649,100,80,57.1429,20
1775500754340056,83.3333,60,50,33.3333
1775500754390669,80,60,50,0
1775500754441295,80,80,25,0
1775500754491826,75,60,40,0
1775500754542478,80,80,60,25
1775500754592887,83.3333,83.3333,80,40
1775500754643348,75,60,50,20
1775500754693767,85.7143,75,40,40
1775500754744448,66.6667,66.6667,20,20
1775500754794872,100,80,60,25
1775500754845380,80,75,50,0
1775500754895886,83.3333,60,40,33.3333
1775500754946296,83.3333,83.3333,66.6667,20
1775500754996908,83.3333,66.6667,60,25
1775500755047498,80,66.6667,20,0
1775500755098149,80,83.3333,50,50
1775500755148569,83.3333,60,50,20
1775500755199010,100,80,50,20
1775500755249466,83.3333,80,50,20
1775500755299901,80,83.3333,80,66.6667
1775500755350306,100,100,50,40
1775500755400710,66.6667,83.3333,40,0
1775500755451225,75,60,25,20
1775500755501795,100,80,40,33.3333
1775500755552221,80,100,66.6667,40
1775500755602666,83.3333,62.5,25,0
1775500755653259,66.6667,80,50,40
1775500755703666,83.3333,50,40,0
1775500755754274,83.3333,60,50,16.6667
1775500755804789,80,60,33.3333,20
1775500755855281,80,80,57.1429,20
1775500755905929,100,85.7143,80,40
1775500755956502,83.3333,75,40,33.3333
1775500756006916,66.6667,80,40,0
1775500756057420,80,80,60,20
1775500756107910,80,80,60,40
1775500756158457,83.3333,80,60,60
1775500756208848,100,83.3333,80,50
1775500756259471,80,80,40,33.3333
1775500756310093,83.3333,66.6667,40,0
1775500756360536,85.7143,71.4286,50,0
1775500756411182,80,75,20,33.3333
1775500756461585,75,60,40,20
1775500756512170,80,80,50,25
1775500756562775,80,80,80,50
1775500756613317,100,80,75,50
1775500756663791,75,80,50,33.3333
1775500756714394,75,66.6667,20,0
1775500756764802,83.3333,83.3333,50,33.3333
1775500756815213,80,60,40,20
1775500756865647,83.3333,80,40,0
1775500756916170,100,60,50,33.3333
1775500756966839,83.3333,80,60,40
1775500757017278,80,83.3333,50,16.6667
1775500757067722,80,50,50,0
1775500757118150,83.3333,66.6667,50,33.3333
1775500757168566,83.3333,66.6667,40,40
1775500757219190,75,75,40,0
1775500757269597,80,66.6667,57.1429,25
1775500757320002,75,66.6667,60,40
1775500757370596,75,100,66.6667,40
1775500757421036,83.3333,50,40,16.6667
1775500757471442,80,80,50,0
1775500757521938,83.3333,83.3333,40,25
1775500757572346,80,75,50,20
1775500757623054,75,75,66.6667,50
1775500757673468,83.3333,80,50,0
1775500757723877,75,66.6667,40,0
1775500757774285,80,75,60,33.3333
1775500757824695,83.3333,71.4286,33.3333,0
1775500757875107,80,75,50,0
1775500757925700,83.3333,83.3333,20,16.6667
1775500757976172,75,50,50,25
1775500758026614,100,83.3333,50,33.3333
1775500758077025,80,66.6667,40,0
1775500758127506,75,75,40,20
1775500758178152,83.3333,60,50,0
1775500758228816,83.3333,83.3333,40,33.3333
1775500758279228,75,60,80,40
1775500758329747,100,60,40,16.6667
1775500758380276,75,75,50,20
1775500758430719,66.6667,80,50,40
1775500758481184,100,80,50,20
1775500758531596,60,50,25,20
1775500758582055,80,71.4286,50,0
1775500758632513,75,75,40,33.3333
1775500758682935,83.3333,75,50,0
1775500758733400,80,83.3333,66.6667,50
1775500758783947,75,83.3333,33.3333,20
1775500758834645,75,75,40,16.6667
1775500758885052,83.3333,66.6667,60,20
1775500758935461,80,80,57.1429,0
1775500758985868,83.3333,80,60,20
1775500759036405,66.6667,66.6667,40,0
1775500759086927,80,83.3333,60,0
1775500759137458,83.3333,60,57.1429,16.6667
1775500759187866,83.3333,75,75,57.1429
1775500759238529,75,66.6667,33.3333,0
1775500759288937,100,60,60,16.6667
1775500759339349,75,80,33.3333,0
1775500759389801,83.3333,60,50,33.3333
1775500759440483,80,83.3333,60,0
1775500759490897,60,75,40,16.6667
1775500759541497,100,80,25,0
1775500759592170,60,71.4286,40,0
1775500759642773,100,75,50,16.6667
1775500759693257,85.7143,60,25,20
1775500759743665,60,80,25,0
1775500759794336,100,85.7143,40,33.3333
1775500759844958,66.6667,80,50,0
1775500759895632,80,66.6667,25,20
1775500759946040,83.3333,60,50,20
1775500759996461,75,80,66.6667,25
1775500760047133,83.3333,60,40,0
1775500760097575,80,80,50,50
1775500760147981,83.3333,66.6667,50,0
1775500760198657,80,80,60,33.3333
1775500760249311,83.3333,75,40,0
1775500760299883,80,83.3333,60,60
1775500760350288,100,75,50,33.3333
1775500760400966,75,75,57.1429,20
1775500760451435,80,80,0,20
1775500760501844,83.3333,83.3333,50,40
1775500760552257,66.6667,80,60,20
1775500760602650,85.7143,50,25,20
1775500760653123,100,80,50,16.6667
1775500760703647,80,60,50,20
1775500760754253,83.3333,83.3333,50,20
1775500760804823,80,60,50,25
1775500760855238,80,75,60,33.3333
1775500760905875,83.3333,80,40,20
1775500760956577,80,66.6667,60,20
1775500761007003,100,80,60,40
1775500761057408,83.3333,71.4286,0,20
1775500761108004,83.3333,50,40,20
1775500761158452,80,60,50,20
1775500761208858,83.3333,66.6667,60,20
1775500761259489,60,60,20,16.6667
1775500761310205,80,66.6667,25,20
1775500761360615,80,80,60,50
1775500761411295,75,75,50,25
1775500761461705,100,80,60,25
1775500761512412,80,75,50,33.3333
1775500761562883,75,66.6667,20,0
1775500761613302,85.7143,66.6667,66.6667,40
1775500761663905,100,66.6667,50,20
1775500761714490,66.6667,83.3333,25,20
1775500761765121,83.3333,50,50,16.6667
1775500761815603,66.6667,60,40,0
1775500761866148,85.7143,60,33.3333,20
1775500761916625,100,75,60,40
1775500761967021,80,66.6667,40,20
1775500762017441,80,80,50,0
1775500762067852,83.3333,75,40,50
1775500762118532,80,66.6667,60,33.3333
1775500762169032,100,60,40,20
1775500762219439,83.3333,60,33.3333,0
1775500762269993,83.3333,80,75,33.3333
1775500762320466,80,60,40,33.3333
1775500762370879,85.7143,60,25,25
1775500762421560,80,66.6667,33.3333,16.6667
1775500762472211,75,50,25,0
1775500762522646,83.3333,83.3333,60,50
1775500762573269,75,80,40,25
1775500762623918,100,66.6667,75,50
1775500762674331,83.3333,66.6667,25,0
1775500762724953,80,66.6667,57.1429,20
1775500762775499,100,75,50,60
1775500762825930,80,83.3333,66.6667,40
1775500762876507,80,80,40,33.3333
1775500762927180,80,75,66.6667,0
1775500762977900,80,80,71.4286,40
1775500763028410,80,80,20,16.6667
1775500763078826,100,60,50,0
1775500763129257,80,75,57.1429,40
1775500763179905,75,60,40,20
1775500763230569,80,66.6667,57.1429,40
1775500763280979,80,75,75,33.3333
1775500763331602,80,80,66.6667,0
1775500763382371,75,80,25,20
1775500763432963,80,80,50,20
1775500763483425,83.3333,80,50,33.3333
1775500763533953,75,60,40,20
1775500763584328,100,66.6667,60,40
1775500763634783,83.3333,80,66.6667,20
1775500763685406,83.3333,50,50,20
1775500763735811,80,75,50,0
1775500763786370,75,80,40,20
1775500763836846,100,66.6667,40,0
1775500763887429,80,75,50,40
1775500763937838,80,83.3333,71.4286,50
1775500763988246,80,66.6667,40,33.3333
1775500764038687,75,71.4286,57.1429,0
1775500764089103,83.3333,83.3333,50,20
1775500764139512,80,60,40,42.8571
1775500764190086,80,66.6667,40,0
1775500764240504,71.4286,80,40,0
1775500764291092,80,60,50,40
1775500764341497,100,83.3333,50,20
1775500764392002,80,83.3333,60,20
1775500764442410,83.3333,66.6667,0,20
1775500764492816,60,80,33.3333,16.6667
1775500764543501,80,50,60,20
1775500764593909,100,83.3333,60,50
1775500764644317,80,75,40,0
1775500764695010,75,71.4286,40,33.3333
1775500764745417,66.6667,80,40,0
1775500764795945,71.4286,75,66.6667,0
1775500764846344,66.6667,80,25,42.8571
1775500764896948,80,83.3333,66.6667,40
1775500764947356,83.3333,60,60,20
1775500764998013,83.3333,66.6667,0,16.6667
1775500765048673,100,66.6667,66.6667,40
1775500765099337,80,50,60,0
1775500765149744,80,100,50,20
1775500765200151,80,60,40,16.6667
1775500765250612,75,60,50,33.3333
1775500765301020,66.6667,66.6667,50,25
1775500765351458,100,100,50,20
1775500765402075,80,66.6667,25,20
1775500765452575,83.3333,83.3333,60,40
1775500765503065,100,75,50,33.3333
1775500765553563,80,66.6667,40,25
1775500765603943,66.6667,80,0,0
1775500765654349,80,60,57.1429,20
1775500765705109,75,100,40,40
1775500765755508,80,60,25,0
1775500765805882,80,83.3333,60,33.3333
1775500765856585,83.3333,75,60,40
1775500765906992,100,80,60,25
1775500765957426,83.3333,83.3333,60,20
1775500766008101,75,60,40,20
1775500766058718,83.3333,80,50,33.3333
1775500766109284,80,80,50,0
1775500766159849,80,80,50,25
1775500766210422,83.3333,80,40,16.6667
1775500766260871,83.3333,60,50,20
1775500766311277,75,60,50,20
1775500766361932,80,80,40,33.3333
1775500766412338,80,50,20,0
1775500766462758,100,83.3333,60,40
1775500766513165,60,80,25,0
1775500766563695,100,60,50,20
1775500766614145,80,80,40,33.3333
1775500766664570,71.4286,80,25,20
1775500766715243,75,60,71.4286,20
1775500766765707,83.3333,83.3333,50,20
1775500766816115,75,50,25,20
1775500766866521,83.3333,80,60,20
1775500766917072,83.3333,100,50,40
1775500766967480,75,80,25,25
1775500767018097,83.3333,60,40,20
1775500767068735,83.3333,80,50,33.3333
1775500767119170,75,50,0,20
1775500767169651,83.3333,80,66.6667,20
1775500767220057,75,60,50,40
1775500767270653,83.3333,80,50,20
1775500767321143,80,80,40,25
1775500767371703,80,80,75,60
1775500767422078,80,60,57.1429,16.6667
1775500767472672,100,83.3333,40,25
1775500767523123,80,80,50,33.3333
1775500767573516,83.3333,66.6667,40,20
1775500767623923,75,66.6667,50,20
1775500767674577,66.6667,71.4286,40,33.3333
1775500767725007,100,83.3333,40,0
1775500767775413,80,50,60,33.3333
1775500767825821,80,80,50,0
1775500767876537,83.3333,66.6667,40,0
1775500767926978,80,75,66.6667,20
1775500767977450,83.3333,83.3333,50,60
1775500768027915,80,80,66.6667,33.3333
1775500768078558,80,66.6667,66.6667,42.8571
1775500768129025,80,60,50,20
1775500768179402,100,75,50,40
1775500768229981,80,83.3333,66.6667,20
1775500768280443,80,50,25,33.3333
1775500768330857,80,80,66.6667,40
1775500768381492,80,80,60,50
1775500768432117,100,60,40,20
1775500768482544,80,60,25,20
1775500768532978,85.7143,75,25,0
1775500768583590,80,83.3333,60,40
1775500768633999,75,66.6667,25,20
1775500768684424,80,60,40,33.3333
1775500768734807,100,75,25,0
1775500768785366,80,66.6667,33.3333,20
1775500768835773,80,75,0,20
1775500768886167,83.3333,50,40,0
1775500768936591,75,83.3333,40,20
1775500768987023,80,60,40,0
1775500769037428,75,75,40,40
1775500769087925,83.3333,80,60,20
1775500769138403,80,80,50,40
1775500769188810,80,80,60,40
1775500769239184,83.3333,80,40,33.3333
1775500769289595,80,80,60,20
1775500769339986,75,66.6667,25,25
1775500769390461,80,80,66.6667,33.3333
1775500769440928,100,60,25,20
1775500769491571,50,75,50,0
1775500769542013,100,100,25,40
1775500769592618,66.6667,66.6667,40,0
1775500769643295,80,80,33.3333,40
1775500769693705,83.3333,80,50,25
1775500769744219,100,60,66.6667,20
1775500769794736,85.7143,60,50,20
1775500769845192,83.3333,83.3333,50,40
1775500769895588,100,66.6667,66.6667,25
1775500769946121,66.6667,80,50,20
1775500769996808,85.7143,60,50,50
1775500770047248,100,75,50,25
1775500770097661,80,83.3333,50,33.3333
1775500770148065,83.3333,66.6667,50,20
1775500770198540,80,60,40,0
1775500770248977,83.3333,80,66.6667,33.3333
1775500770299577,100,75,50,25
1775500770350228,80,80,60,60
1775500770400671,83.3333,60,66.6667,33.3333
1775500770451197,80,66.6667,40,33.3333
1775500770501609,75,66.6667,40,33.3333
1775500770552129,100,50,0,0
1775500770602717,71.4286,60,40,20
1775500770653119,100,66.6667,50,33.3333
1775500770703700,80,66.6667,50,0
1775500770754180,100,60,60,20
1775500770804619,75,83.3333,50,40
1775500770855014,83.3333,66.6667,25,0
1775500770905422,75,80,25,0
1775500770956203,75,60,71.4286,20
1775500771006840,83.3333,83.3333,40,25
1775500771057321,80,50,50,20
1775500771107841,80,60,40,50
1775500771158324,80,80,80,40
1775500771208701,83.3333,60,40,20
1775500771259103,100,80,50,40
1775500771309540,80,66.6667,50,20
1775500771360008,80,66.6667,33.3333,25
1775500771410413,83.3333,60,50,20
1775500771460816,83.3333,80,50,33.3333
1775500771511247,100,50,50,0
1775500771561903,80,80,66.6667,40
1775500771612348,83.3333,66.6667,40,25
1775500771662804,75,75,50,20
1775500771713243,80,80,60,20
1775500771763909,80,80,60,40
1775500771814317,100,66.6667,50,20
1775500771864894,80,80,60,40
1775500771915534,83.3333,75,60,50
1775500771965989,100,80,66.6667,25
1775500772016654,100,66.6667,60,33.3333
1775500772067240,83.3333,75,40,0
1775500772117706,66.6667,50,40,20
1775500772168346,100,80,50,33.3333
1775500772218957,66.6667,60,20,0
1775500772269396,80,80,50,50
1775500772319800,100,75,50,33.3333
1775500772370204,80,71.4286,75,40
1775500772420645,80,60,25,25
1775500772471060,75,80,50,33.3333
1775500772521472,100,60,50,25
1775500772572121,80,80,50,40
1775500772622554,80,80,60,20
1775500772673132,83.3333,83.3333,60,20
1775500772723623,80,80,40,20
1775500772774030,80,50,33.3333,33.3333
1775500772824494,80,83.3333,60,0
1775500772874932,100,60,50,0
1775500772925604,83.3333,75,25,33.3333
1775500772976185,83.3333,83.3333,60,40
1775500773026596,100,80,50,0
1775500773077029,66.6667,66.6667,25,33.3333
1775500773127526,100,66.6667,60,20
1775500773178126,83.3333,100,60,20
1775500773228592,83.3333,50,33.3333,0
1775500773279212,80,80,60,25
1775500773329786,75,33.3333,50,0
1775500773380437,75,57.1429,33.3333,33.3333
1775500773430909,80,50,33.3333,0
1775500773481415,80,80,40,20
1775500773531925,80,60,40,0
1775500773582357,100,66.6667,25,0
1775500773632767,83.3333,60,50,16.6667
1775500773683175,66.6667,50,50,40
1775500773733723,80,80,25,0
1775500773784236,83.3333,60,62.5,20
1775500773834684,100,80,60,33.3333
1775500773885175,83.3333,80,40,40
1775500773935667,83.3333,50,0,0
1775500773986333,83.3333,66.6667,20,0
1775500774036738,80,83.3333,50,20
1775500774087309,80,66.6667,33.3333,16.6667
1775500774137808,80,75,60,33.3333
1775500774188211,83.3333,50,20,20
1775500774238619,100,80,60,25
1775500774289140,80,66.6667,33.3333,20
1775500774339546,80,75,50,20
1775500774389963,83.3333,50,60,33.3333
1775500774440514,100,80,50,40
1775500774490962,75,83.3333,66.6667,40
1775500774541483,80,60,40,0
1775500774591915,83.3333,80,50,20
1775500774642321,100,60,25,50
1775500774692735,100,83.3333,60,42.8571
1775500774743354,80,75,50,25
1775500774793729,83.3333,80,40,33.3333
1775500774844135,100,60,25,20
1775500774894635,80,60,50,16.6667
1775500774945045,83.3333,80,40,0
1775500774995511,75,50,40,0
1775500775045923,100,83.3333,60,40
1775500775096329,80,75,66.6667,20
1775500775146944,80,60,40,16.6667
1775500775197352,66.6667,75,40,20
1775500775247759,100,83.3333,50,25
1775500775298378,66.6667,75,50,33.3333
1775500775348997,100,80,50,40
1775500775399666,80,83.3333,60,33.3333
1775500775450178,80,60,0,0
1775500775500771,80,75,25,25
1775500775551306,75,66.6667,50,0
1775500775601712,80,83.3333,57.1429,40
1775500775652157,100,80,60,20
1775500775702554,75,83.3333,80,60
1775500775753082,83.3333,75,33.3333,33.3333
1775500775803603,100,60,50,20
1775500775854048,71.4286,80,50,20
1775500775904483,80,66.6667,40,20
1775500775954986,75,60,25,20
1775500776005448,100,75,40,20
1775500776055894,75,83.3333,50,40
1775500776106308,80,75,50,40
1775500776156736,83.3333,66.6667,50,33.3333
1775500776207374,100,83.3333,25,20
1775500776257859,80,66.6667,40,20
1775500776308447,80,75,33.3333,25
1775500776358872,80,83.3333,60,33.3333
1775500776409280,80,60,66.6667,50
1775500776459864,80,83.3333,50,0
1775500776510352,83.3333,60,25,33.3333
1775500776560899,100,80,80,20
1775500776611308,83.3333,66.6667,40,20
1775500776661792,80,100,60,40
1775500776712197,100,60,57.1429,16.6667
1775500776762603,83.3333,60,60,40
1775500776813122,83.3333,75,57.1429,0
1775500776863648,80,60,66.6667,33.3333
1775500776914230,80,60,50,33.3333
1775500776964690,75,50,25,20
1775500777015355,80,60,33.3333,33.3333
1775500777066033,83.3333,60,40,0
1775500777116735,100,80,40,40
1775500777167188,83.3333,66.6667,40,28.5714
1775500777217596,83.3333,66.6667,50,0
1775500777268213,100,75,50,20
1775500777318638,85.7143,71.4286,60,33.3333
1775500777369219,83.3333,75,33.3333,0
1775500777419625,100,66.6667,40,20
1775500777470028,83.3333,60,25,33.3333
1775500777520442,80,60,40,20
1775500777570852,83.3333,60,40,20
1775500777621314,100,75,60,66.6667
1775500777671985,80,75,25,0
1775500777722433,100,85.7143,75,50
1775500777773087,80,66.6667,40,20
1775500777823575,80,66.6667,25,0
1775500777874006,80,83.3333,60,20
1775500777924460,80,66.6667,40,40
1775500777974896,75,66.6667,25,0
1775500778025300,83.3333,80,62.5,50
1775500778075706,80,75,50,20
1775500778126174,75,75,20,0
1775500778176692,100,75,60,20
1775500778227217,80,60,25,20
1775500778277659,80,80,50,20
1775500778328140,80,60,40,20
1775500778378818,100,75,50,20
1775500778429540,66.6667,80,40,20
1775500778480170,100,66.6667,60,40
1775500778530843,83.3333,80,50,50
1775500778581413,100,60,40,0
1775500778631878,83.3333,75,66.6667,25
1775500778682532,83.3333,66.6667,25,20
1775500778732940,100,75,66.6667,20
1775500778783344,83.3333,66.6667,33.3333,0
1775500778833867,83.3333,80,60,33.3333
1775500778884482,75,40,25,20
1775500778935158,83.3333,83.3333,50,42.8571
1775500778985657,80,80,50,0
1775500779036093,75,71.4286,33.3333,0
1775500779086712,80,75,25,33.3333
1775500779137118,80,40,40,0
1775500779187793,75,75,33.3333,16.6667
1775500779238196,100,57.1429,40,20
1775500779288623,83.3333,80,50,33.3333
1775500779339027,60,75,40,40
1775500779389429,100,80,25,28.5714
1775500779440100,80,80,50,50
1775500779490732,83.3333,50,40,20
1775500779541364,80,60,40,20
1775500779591825,80,75,60,33.3333
1775500779642262,80,60,60,25
1775500779692936,83.3333,50,25,33.3333
1775500779743606,83.3333,75,33.3333,0
1775500779794083,100,50,50,33.3333
1775500779844553,80,100,80,40
1775500779894982,83.3333,66.6667,50,25
1775500779945387,100,100,75,40
1775500779996112,83.3333,66.6667,57.1429,33.3333
1775500780046627,80,66.6667,50,20
1775500780097013,100,75,40,0
1775500780147419,85.7143,80,66.6667,50
1775500780197876,66.6667,83.3333,50,20
1775500780248304,83.3333,60,40,0
1775500780298996,83.3333,66.6667,66.6667,20
1775500780349621,80,80,80,33.3333
1775500780400041,100,80,50,40
1775500780450672,80,80,66.6667,60
1775500780501153,100,60,50,33.3333
1775500780551819,75,75,40,25
1775500780602251,85.7143,83.3333,60,20
1775500780652740,100,80,40,20
1775500780703270,80,83.3333,66.6667,40
1775500780753664,80,66.6667,66.6667,40
1775500780804099,100,100,66.6667,50
1775500780854648,80,60,40,0
1775500780905022,80,83.3333,25,0
1775500780955436,80,60,50,25
1775500781006092,83.3333,75,33.3333,20
1775500781056698,80,80,50,40
1775500781107215,75,80,50,33.3333
1775500781157774,100,66.6667,60,33.3333
1775500781208230,80,75,40,20
1775500781258650,83.3333,66.6667,40,20
1775500781309164,100,60,50,16.6667
1775500781359710,50,80,50,33.3333
1775500781410215,100,75,80,25
1775500781460709,80,80,40,20
1775500781511115,80,60,25,0
1775500781561711,100,60,80,66.6667
1775500781612118,80,80,40,0
1775500781662749,80,80,66.6667,50
1775500781713285,83.3333,83.3333,80,40
1775500781763771,100,60,25,40
1775500781814352,80,80,25,0
1775500781864906,80,33.3333,50,33.3333
1775500781915572,80,83.3333,50,40
1775500781966199,83.3333,60,57.1429,20
1775500782016627,100,60,50,33.3333
1775500782067198,80,75,40,33.3333
1775500782117571,83.3333,60,60,40
1775500782167980,100,80,66.6667,33.3333
1775500782218546,75,60,50,0
1775500782268958,85.7143,80,66.6667,25
1775500782319539,100,80,75,50
1775500782369951,83.3333,80,25,20
1775500782420523,100,50,0,0
1775500782470933,80,66.6667,40,40
1775500782521590,80,66.6667,40,20
1775500782572001,60,60,40,20
1775500782622469,100,80,50,20
1775500782672922,83.3333,80,40,40
1775500782723334,71.4286,75,50,25
1775500782773762,100,66.6667,50,40
1775500782824299,75,83.3333,40,0
1775500782874759,83.3333,75,60,42.8571
1775500782925170,85.7143,71.4286,25,25
1775500782975576,100,75,40,20
1775500783026038,83.3333,66.6667,50,20
1775500783076445,75,80,40,33.3333
1775500783127123,80,60,33.3333,20
1775500783177841,100,80,75,50
1775500783228293,80,80,25,20
1775500783278902,83.3333,71.4286,50,25
1775500783329344,100,66.6667,50,50
1775500783379749,80,85.7143,60,50
1775500783430150,80,60,20,0
1775500783480781,100,75,40,25
1775500783531210,80,50,33.3333,16.6667
1775500783581802,80,66.6667,66.6667,40
1775500783632253,83.3333,75,0,40
1775500783682716,80,80,60,40
1775500783733319,75,66.6667,50,33.3333
1775500783784005,80,66.6667,60,40
1775500783834476,85.7143,80,50,20
1775500783885095,100,75,80,50
1775500783935500,80,60,20,33.3333
1775500783986152,83.3333,80,50,40
1775500784036640,100,60,50,20
1775500784087052,75,75,50,20
1775500784137663,80,71.4286,25,25
1775500784188092,80,60,50,28.5714
1775500784238768,75,80,20,20
1775500784289421,83.3333,75,50,0
1775500784340012,75,50,60,0
1775500784390416,100,75,60,20
1775500784441030,85.7143,80,50,33.3333
1775500784491695,75,60,33.3333,20
1775500784542101,80,60,50,0
1775500784592564,83.3333,60,57.1429,20
1775500784643219,100,80,40,20
1775500784693627,100,75,0,0
1775500784744037,83.3333,66.6667,40,0
1775500784794445,80,60,60,42.8571
1775500784844850,80,50,40,25
1775500784895365,83.3333,75,40,0
1775500784945974,100,66.6667,50,33.3333
1775500784996510,75,60,60,0
1775500785047193,83.3333,80,40,25
1775500785097749,100,60,40,33.3333
1775500785148158,80,80,40,0
1775500785198591,80,75,50,40
1775500785249112,83.3333,83.3333,50,20
1775500785299555,83.3333,50,25,40
1775500785350139,100,85.7143,60,50
1775500785400748,80,75,50,20
1775500785451222,83.3333,83.3333,66.6667,50
1775500785501677,80,75,75,25
1775500785552293,100,80,40,20
1775500785602750,80,80,50,25
1775500785653417,80,83.3333,25,20
1775500785703885,66.6667,50,57.1429,25
1775500785754353,83.3333,75,25,33.3333
1775500785804821,83.3333,71.4286,83.3333,40
1775500785855385,100,75,25,40
1775500785905977,80,83.3333,60,0
1775500785956604,75,66.6667,60,20
1775500786238724,100,100,100,100
1775500786289105,100,100,100,100
1775500786339510,100,100,100,100
1775500786390063,100,100,100,100
1775500786440552,100,100,100,100
1775500786490960,100,100,100,100
1775500786541441,100,100,100,100
1775500786591849,100,100,100,100
1775500786642516,100,100,100,100
1775500786692972,100,100,100,100
1775500786743520,100,100,100,100
1775500786794048,100,100,100,100
1775500786844626,100,100,100,100
1775500786895008,100,100,100,100
1775500786945655,100,100,100,100
1775500786996226,100,100,100,100
1775500787046686,100,100,100,100
1775500787097100,100,100,100,100
1775500787147547,100,100,100,100
1775500787198022,100,100,100,100
1775500787248660,100,100,100,100
1775500787299097,100,100,100,100
1775500787349756,100,100,100,100
1775500787400332,100,100,100,100
1775500787450777,100,100,100,100
1775500787501220,100,100,100,100
1775500787551607,100,100,100,100
1775500787602211,100,100,100,100
1775500787652777,100,100,100,100
1775500787703315,100,100,100,100
1775500787753838,100,100,100,100
1775500787804402,100,100,100,100
1775500787854883,100,100,100,100
1775500787905336,100,100,100,100
1775500787956029,100,100,100,100
1775500788006435,100,100,100,100
1775500788056853,100,100,100,100
1775500788107392,100,100,100,100
1775500788157958,100,100,100,100
1775500788208394,100,100,100,100
1775500788258814,100,100,100,100
1775500788309323,100,100,100,100
1775500788359997,100,100,100,100
1775500788410513,100,100,100,100
1775500788461053,100,100,100,100
1775500788511461,100,100,100,100
1775500788562050,100,100,100,100
1775500788612752,100,100,100,100
1775500788663166,100,100,100,100
1775500788713637,100,100,100,100
1775500788764046,100,100,100,100
1775500788814454,100,100,100,100
1775500788864828,100,100,100,100
1775500788915233,100,100,100,100
1775500788965842,100,100,100,100
1775500789016534,100,100,100,100
1775500789066945,100,100,100,100
1775500789117613,100,100,100,100
1775500789168049,100,100,100,100
1775500789218716,100,100,100,100
1775500789269410,100,100,100,100
1775500789319850,100,100,100,100
1775500789370417,100,100,100,100
1775500789421089,100,100,100,100
1775500789471753,100,100,100,100
1775500789522247,100,100,100,100
1775500789572654,100,100,100,100
1775500789623190,100,100,100,100
1775500789673614,100,100,100,100
1775500789724267,100,100,100,100
1775500789774739,100,100,100,100
1775500789825150,100,100,100,100
1775500789875558,100,100,100,100
1775500789926052,100,100,100,100
1775500789976567,100,100,100,100
1775500790027013,100,100,100,100
1775500790077418,100,100,100,100
1775500790128015,100,100,100,100
1775500790178481,100,100,100,100
1775500790229060,100,100,100,100
1775500790279468,100,100,100,100
1775500790329861,100,100,100,100
1775500790380271,100,100,100,100
1775500790430764,100,100,100,100
1775500790481300,100,100,100,100
1775500790531900,100,100,100,100
1775500790582383,100,100,100,100
1775500790632880,100,100,100,100
1775500790683327,100,100,100,100
1775500790733949,100,100,100,100
1775500790784573,100,100,100,100
1775500790835214,100,100,100,100
1775500790885818,100,100,100,100
1775500790936255,100,100,100,100
1775500790986796,100,100,100,100
1775500791037339,100,100,100,100
1775500791087790,100,100,100,100
1775500791138359,100,100,100,100
1775500791188954,100,100,100,100
1775500791239354,100,100,100,100
1775500791289729,100,100,100,100
1775500791340234,100,100,100,100
1775500791390624,100,100,100,100
1775500791441030,100,100,100,100
1775500791491691,100,100,100,100
1775500791542165,100,100,100,100
1775500791592738,100,100,100,100
1775500791643156,100,100,100,100
1775500791693532,100,100,100,100
1775500791743938,100,100,100,100
1775500791794558,100,100,100,100
1775500791845135,100,100,100,100
1775500791895516,100,100,100,100
1775500791945935,100,100,100,100
1775500791996393,100,100,100,100
1775500792046952,100,100,100,100
1775500792097511,100,100,100,100
1775500792147918,100,100,100,100
1775500792198424,100,100,100,100
1775500792249038,100,100,100,100
1775500792299434,100,100,100,100
1775500792349844,100,100,100,100
1775500792400248,100,100,100,100
1775500792450664,100,100,100,100
1775500792501077,100,100,100,100
1775500792551485,100,100,100,100
1775500792601890,100,100,100,100
1775500792652586,100,100,100,100
1775500792703267,100,100,100,100
1775500792753674,100,100,100,100
1775500792804088,100,100,100,100
1775500792854760,100,100,100,100
1775500792905433,100,100,100,100
1775500792956001,100,100,100,100
1775500793006677,100,100,100,100
1775500793057177,100,100,100,100
1775500793107585,100,100,100,100
1775500793157991,100,100,100,100
1775500793208424,100,100,100,100
1775500793259100,100,100,100,100
1775500793309650,100,100,100,100
1775500793360207,100,100,100,100
1775500793410613,100,100,100,100
1775500793461023,100,100,100,100
1775500793511493,100,100,100,100
1775500793561897,100,100,100,100
1775500793612470,100,100,100,100
1775500793663016,100,100,100,100
1775500793713428,100,100,100,100
1775500793763832,100,100,100,100
1775500793814409,100,100,100,100
1775500793864815,100,100,100,100
1775500793915246,100,100,100,100
1775500793965834,100,100,100,100
1775500794016526,100,100,100,100
1775500794066938,100,100,100,100
1775500794117375,100,100,100,100
1775500794167994,100,100,100,100
1775500794218457,100,100,100,100
1775500794268866,100,100,100,100
1775500794319452,100,100,100,100
1775500794370082,100,100,100,100
1775500794420499,100,100,100,100
1775500794471170,100,100,100,100
1775500794521612,100,100,100,100
1775500794572134,100,100,100,100
1775500794622684,100,100,100,100
1775500794673094,100,100,100,100
1775500794723502,100,100,100,100
1775500794774182,100,100,100,100
1775500794824809,100,100,100,100
1775500794875260,100,100,100,100
1775500794925737,100,100,100,100
1775500794976251,100,100,100,100
1775500795026710,100,100,100,100
1775500795077120,100,100,100,100
1775500795127695,100,100,100,100
1775500795178314,100,100,100,100
1775500795228722,100,100,100,100
1775500795279398,100,100,100,100
1775500795330114,100,100,100,100
1775500795380681,100,100,100,100
1775500795431087,100,100,100,100
1775500795481677,100,100,100,100
1775500795532363,100,100,100,100
1775500795582808,100,100,100,100
1775500795633387,100,100,100,100
1775500795683796,100,100,100,100
1775500795734434,100,100,100,100
1775500795785112,100,100,100,100
1775500795835648,100,100,100,100
1775500795886079,100,100,100,100
1775500795936546,100,100,100,100
1775500795986964,100,100,100,100
1775500796037395,100,100,100,100
1775500796088079,100,100,100,100
1775500796138557,100,100,100,100
1775500796189218,100,100,100,100
1775500796239625,100,100,100,100
1775500796290033,100,100,100,100
1775500796340725,100,100,100,100
1775500796391201,100,100,100,100
1775500796441605,100,100,100,100
1775500796492119,100,100,100,100
1775500796542701,100,100,100,100
1775500796593133,100,100,100,100
1775500796643569,100,100,100,100
1775500796693973,100,100,100,100
1775500796744603,100,100,100,100
1775500796795012,100,100,100,100
1775500796845470,100,100,100,100
1775500796896168,100,100,100,100
1775500796946833,100,100,100,100
1775500796997248,100,100,100,100
1775500797047847,100,100,100,100
1775500797098322,100,100,100,100
1775500797148937,100,100,100,100
1775500797199382,100,100,100,100
1775500797249775,100,100,100,100
1775500797300258,100,100,100,100
1775500797350679,100,100,100,100
1775500797401083,100,100,100,100
1775500797451489,100,100,100,100
1775500797502053,100,100,100,100
1775500797552767,100,100,100,100
1775500797603170,100,100,100,100
1775500797653603,100,100,100,100
1775500797704007,100,100,100,100
1775500797754409,100,100,100,100
1775500797804833,100,100,100,100
1775500797855285,100,100,100,100
1775500797905695,100,100,100,100
1775500797956351,100,100,100,100
1775500798006918,100,100,100,100
1775500798057348,100,100,100,100
1775500798107817,100,100,100,100
1775500798158306,100,100,100,100
1775500798208715,100,100,100,100
1775500798259391,100,100,100,100
1775500798309853,100,100,100,100
1775500798360417,100,100,100,100
1775500798410942,100,100,100,100
1775500798461347,100,100,100,100
1775500798511989,100,100,100,100
1775500798562456,100,100,100,100
1775500798612939,100,100,100,100
1775500798663354,100,100,100,100
1775500798713764,100,100,100,100
1775500798764353,100,100,100,100
1775500798814771,100,100,100,100
1775500798865409,100,100,100,100
1775500798915817,100,100,100,100
1775500798966358,100,100,100,100
1775500799016921,100,100,100,100
1775500799067451,100,100,100,100
1775500799117990,100,100,100,100
1775500799168443,100,100,100,100
1775500799218889,100,100,100,100
1775500799269443,100,100,100,100
1775500799319850,100,100,100,100
1775500799370253,100,100,100,100
1775500799420660,100,100,100,100
1775500799471067,100,100,100,100
1775500799521481,100,100,100,100
1775500799571883,100,100,100,100
1775500799622398,100,100,100,100
1775500799672813,100,100,100,100
1775500799723275,100,100,100,100
1775500799773960,100,100,100,100
1775500799824534,100,100,100,100
1775500799875200,100,100,100,100
1775500799925825,100,100,100,100
1775500799976259,100,100,100,100
1775500800026832,100,100,100,100
1775500800077459,100,100,100,100
1775500800127877,100,100,100,100
1775500800178434,100,100,100,100
1775500800228959,100,100,100,100
1775500800279414,100,100,100,100
1775500800329816,100,100,100,100
1775500800380278,100,100,100,100
1775500800430708,100,100,100,100
1775500800481114,100,100,100,100
1775500800531564,100,100,100,100
1775500800582246,100,100,100,100
1775500800632865,100,100,100,100
1775500800683350,100,100,100,100
1775500800733948,100,100,100,100
1775500800784402,100,100,100,100
1775500800834906,100,100,100,100
1775500800885367,100,100,100,100
1775500800935902,100,100,100,100
1775500800986325,100,100,100,100
1775500801036731,100,100,100,100
1775500801087139,100,100,100,100
1775500801137546,100,100,100,100
1775500801188042,100,100,100,100
1775500801238470,100,100,100,100
1775500801289145,100,100,100,100
1775500801339584,100,100,100,100
1775500801390254,100,100,100,100
1775500801440956,100,100,100,100
1775500801491631,100,100,100,100
1775500801542259,100,100,100,100
1775500801592804,100,100,100,100
1775500801643438,100,100,100,100
1775500801693846,100,100,100,100
1775500801744255,100,100,100,100
1775500801794678,100,100,100,100
1775500801845267,100,100,100,100
1775500801895877,100,100,100,100
1775500801946290,100,100,100,100
1775500801996818,100,100,100,100
1775500802047397,100,100,100,100
1775500802097804,100,100,100,100
1775500802148209,100,100,100,100
1775500802198807,100,100,100,100
1775500802249216,100,100,100,100
1775500802299625,100,100,100,100
1775500802350034,100,100,100,100
1775500802400744,100,100,100,100
1775500802451387,100,100,100,100
1775500802501833,100,100,100,100
1775500802552383,100,100,100,100
1775500802603056,100,100,100,100
1775500802653614,100,100,100,100
1775500802704155,100,100,100,100
1775500802754775,100,100,100,100
1775500802805193,100,100,100,100
1775500802855644,100,100,100,100
1775500802906128,100,100,100,100
1775500802956574,100,100,100,100
1775500803006990,100,100,100,100
1775500803057396,100,100,100,100
1775500803107773,100,100,100,100
1775500803158404,100,100,100,100
1775500803209027,100,100,100,100
1775500803259403,100,100,100,100
1775500803309874,100,100,100,100
1775500803360529,100,100,100,100
1775500803410949,100,100,100,100
1775500803461618,100,100,100,100
1775500803512034,100,100,100,100
1775500803562739,100,100,100,100
1775500803613146,100,100,100,100
1775500803663778,100,100,100,100
1775500803714475,100,100,100,100
1775500803764983,100,100,100,100
1775500803815541,100,100,100,100
1775500803865953,100,100,100,100
1775500803916629,100,100,100,100
1775500803967102,100,100,100,100
1775500804017506,100,100,100,100
1775500804068028,100,100,100,100
1775500804118709,100,100,100,100
1775500804169333,100,100,100,100
1775500804219804,100,100,100,100
1775500804270212,100,100,100,100
1775500804320649,100,100,100,100
1775500804371171,100,100,100,100
1775500804421623,100,100,100,100
1775500804472138,100,100,100,100
1775500804522567,100,100,100,100
1775500804573004,100,100,100,100
1775500804623494,100,100,100,100
1775500804673904,100,100,100,100
1775500804724384,100,100,100,100
1775500804774800,100,100,100,100
1775500804825449,100,100,100,100
1775500804875867,100,100,100,100
1775500804926276,100,100,100,100
1775500804976690,100,100,100,100
1775500805027149,100,100,100,100
1775500805077751,100,100,100,100
1775500805128127,100,100,100,100
1775500805178541,100,100,100,100
1775500805229211,100,100,100,100
1775500805279685,100,100,100,100
1775500805330126,100,100,100,100
1775500805380558,100,100,100,100
1775500805431005,100,100,100,100
1775500805481432,100,100,100,100
1775500805531925,100,100,100,100
1775500805582374,100,100,100,100
1775500805632947,100,100,100,100
1775500805683458,100,100,100,100
1775500805734039,100,100,100,100
1775500805784486,100,100,100,100
1775500805834899,100,100,100,100
1775500805885383,100,100,100,100
1775500805935820,100,100,100,100
1775500805986230,100,100,100,100
1775500806036840,100,100,100,100
1775500806087242,100,100,100,100
1775500806137650,100,100,100,100
1775500806188086,100,100,100,100
1775500806238530,100,100,100,100
1775500806288965,100,100,100,100
1775500806339363,100,100,100,100
1775500806389762,100,100,100,100
1775500806440160,100,100,100,100
1775500806490559,100,100,100,100
1775500806540948,100,100,100,100
1775500806591420,100,100,100,100
1775500806641895,100,100,100,100
