timestamp,cpu4,cpu6,cpu8,cpu10
1775500423789023,0,0,0,0
1775500423839431,0,0,0,0
1775500423889830,0,0,0,0
1775500423940232,0,0,0,0
1775500423990823,0,0,0,0
1775500424041251,0,0,0,0
1775500424091793,0,0,0,0
1775500424142222,0,0,0,0
1775500424192642,0,0,0,0
1775500424243121,0,0,0,0
1775500424293527,0,0,0,0
1775500424344156,0,0,0,0
1775500424394565,0,0,0,0
1775500424445116,0,0,0,0
1775500424495533,0,0,0,0
1775500424545928,0,0,0,0
1775500424596503,0,0,0,0
1775500424646917,0,0,0,0
1775500424697319,0,0,0,0
1775500424747765,0,0,0,0
1775500424798189,0,0,0,0
1775500424848587,0,0,0,0
1775500424899039,0,0,0,0
1775500424949441,0,0,0,0
1775500425000079,0,0,0,0
1775500425050745,0,0,0,0
1775500425101374,0,0,0,0
1775500425151786,0,0,0,0
1775500425202210,0,0,0,0
1775500425252634,0,0,0,0
1775500425303296,0,0,0,0
1775500425353871,0,0,0,0
1775500425404316,0,0,0,0
1775500425454730,0,0,0,0
1775500425505407,66.6667,60,83.3333,33.3333
1775500425555883,83.3333,100,80,100
1775500425606311,100,100,100,100
1775500425656746,40,80,25,40
1775500425707462,0,40,50,83.3333
1775500425758139,0,50,40,40
1775500425808673,16.6667,50,50,20
1775500425859356,0,20,40,20
1775500425909911,33.3333,0,50,16.6667
1775500425960583,20,60,33.3333,0
1775500426011021,0,40,20,33.3333
1775500426061473,0,40,40,33.3333
1775500426112135,20,20,25,40
1775500426162552,40,0,25,25
1775500426213095,50,0,42.8571,16.6667
1775500426263701,40,0,50,40
1775500426314131,16.6667,0,40,50
1775500426364577,0,40,0,42.8571
1775500426415138,40,40,0,0
1775500426465561,20,0,50,25
1775500426516104,25,57.1429,0,0
1775500426566585,40,25,0,40
1775500426617038,0,25,33.3333,25
1775500426667461,0,40,50,16.6667
1775500426717901,20,50,40,33.3333
1775500426768631,50,0,40,0
1775500426819202,25,0,40,0
1775500426869697,57.1429,33.3333,50,0
1775500426920329,60,60,40,0
1775500426970897,0,50,25,0
1775500427021339,60,50,20,16.6667
1775500427071759,40,50,0,40
1775500427122448,33.3333,20,60,0
1775500427172942,20,25,40,20
1775500427223506,60,20,0,40
1775500427273920,60,0,60,0
1775500427324540,25,0,20,50
1775500427374975,33.3333,50,50,0
1775500427425659,40,50,20,0
1775500427476100,25,33.3333,60,25
1775500427526602,20,0,25,50
1775500427577118,40,50,50,0
1775500427627732,40,50,25,33.3333
1775500427678174,50,20,25,0
1775500427728793,50,40,20,0
1775500427779398,50,60,16.6667,20
1775500427829903,25,0,66.6667,60
1775500427880590,60,28.5714,25,0
1775500427931189,25,50,0,71.4286
1775500427981633,80,40,33.3333,0
1775500428032095,50,50,0,0
1775500428082543,60,33.3333,60,0
1775500428132959,60,0,40,40
1775500428183513,50,25,16.6667,40
1775500428233926,20,40,60,0
1775500428284467,50,60,0,0
1775500428334968,60,0,0,40
1775500428385394,33.3333,66.6667,0,33.3333
1775500428435948,40,20,80,50
1775500428486514,16.6667,50,50,20
1775500428536952,50,40,33.3333,40
1775500428587423,50,40,40,60
1775500428638076,40,40,0,0
1775500428688546,50,60,0,60
1775500428738983,60,40,25,40
1775500428789406,40,0,60,50
1775500428839976,50,40,50,40
1775500428890580,0,40,60,33.3333
1775500428940984,20,33.3333,50,25
1775500428991462,16.6667,25,40,66.6667
1775500429041864,40,25,40,80
1775500429092533,60,40,20,20
1775500429142956,25,40,40,40
1775500429193369,16.6667,50,50,50
1775500429243790,20,60,20,66.6667
1775500429294203,40,66.6667,60,50
1775500429344638,33.3333,60,33.3333,0
1775500429395072,50,40,50,20
1775500429445489,40,50,33.3333,25
1775500429495934,25,42.8571,60,80
1775500429546516,50,40,25,25
1775500429597177,50,75,33.3333,60
1775500429647643,60,50,0,20
1775500429698283,40,33.3333,20,25
1775500429748719,66.6667,20,60,20
1775500429799150,66.6667,25,50,57.1429
1775500429849649,60,40,25,50
1775500429900088,57.1429,66.6667,33.3333,33.3333
1775500429950676,33.3333,33.3333,66.6667,60
1775500430001252,33.3333,50,60,40
1775500430051765,25,40,40,25
1775500430102462,20,33.3333,66.6667,75
1775500430153048,50,66.6667,33.3333,33.3333
1775500430203539,60,40,0,50
1775500430253999,33.3333,40,50,20
1775500430304528,40,75,40,20
1775500430355203,66.6667,60,25,0
1775500430405717,33.3333,0,50,42.8571
1775500430456138,20,40,50,20
1775500430506618,50,60,0,80
1775500430557094,20,50,57.1429,60
1775500430607560,60,50,50,25
1775500430658011,40,50,40,0
1775500430708447,40,60,33.3333,40
1775500430759000,50,0,25,66.6667
1775500430809711,33.3333,40,60,50
1775500430860131,60,50,50,0
1775500430910577,80,40,20,60
1775500430961050,50,0,66.6667,40
1775500431011608,80,60,50,20
1775500431062260,50,33.3333,40,40
1775500431112873,71.4286,25,50,60
1775500431163293,25,40,40,50
1775500431214004,40,40,60,75
1775500431264499,20,83.3333,50,40
1775500431315200,66.6667,50,50,50
1775500431365619,40,66.6667,66.6667,25
1775500431416035,71.4286,20,25,50
1775500431466487,25,66.6667,33.3333,20
1775500431516967,40,60,60,33.3333
1775500431567653,50,50,50,40
1775500431618129,50,66.6667,60,40
1775500431668554,60,20,80,60
1775500431719142,16.6667,40,50,60
1775500431769709,33.3333,66.6667,50,50
1775500431820430,25,50,60,40
1775500431870871,20,50,60,75
1775500431921322,71.4286,60,40,40
1775500431971989,66.6667,66.6667,100,60
1775500432022579,50,60,66.6667,60
1775500432073038,66.6667,60,60,50
1775500432123452,60,40,25,50
1775500432173916,80,80,66.6667,66.6667
1775500432224528,50,60,40,25
1775500432274978,66.6667,75,80,50
1775500432325575,66.6667,75,60,25
1775500432376176,66.6667,75,40,25
1775500432426626,60,60,50,66.6667
1775500432477062,60,25,50,80
1775500432527477,50,50,50,66.6667
1775500432578116,20,20,66.6667,50
1775500432628566,50,60,40,40
1775500432679231,75,66.6667,60,40
1775500432729649,66.6667,100,66.6667,40
1775500432780119,40,60,33.3333,75
1775500432830591,60,60,40,66.6667
1775500432881208,66.6667,66.6667,40,50
1775500432931874,50,60,33.3333,66.6667
1775500432982563,66.6667,50,50,66.6667
1775500433033027,66.6667,80,40,66.6667
1775500433083638,60,50,40,60
1775500433134050,50,75,50,50
1775500433184613,40,40,66.6667,66.6667
1775500433235364,40,40,60,25
1775500433285814,60,66.6667,80,60
1775500433336254,71.4286,66.6667,50,40
1775500433386684,33.3333,60,40,66.6667
1775500433437151,60,0,66.6667,80
1775500433487647,60,33.3333,50,66.6667
1775500433538097,80,80,83.3333,71.4286
1775500433588734,50,50,60,80
1775500433639182,40,25,60,57.1429
1775500433689678,80,20,50,66.6667
1775500433740136,60,40,60,60
1775500433790543,60,80,66.6667,50
1775500433840974,66.6667,60,60,60
1775500433891454,33.3333,80,40,50
1775500433942037,60,40,80,40
1775500433992661,60,50,60,50
1775500434043074,57.1429,50,50,60
1775500434093515,60,66.6667,60,50
1775500434144085,66.6667,60,57.1429,40
1775500434194509,50,60,25,80
1775500434245032,40,60,100,60
1775500434295438,40,50,60,50
1775500434345869,60,33.3333,66.6667,75
1775500434396353,50,40,80,60
1775500434446981,80,40,60,75
1775500434497398,40,60,57.1429,60
1775500434547813,60,33.3333,60,60
1775500434598232,60,75,60,60
1775500434648667,40,60,50,66.6667
1775500434699144,60,66.6667,40,66.6667
1775500434749561,80,60,0,57.1429
1775500434800027,40,60,66.6667,60
1775500434850444,50,60,66.6667,50
1775500434901114,66.6667,75,50,80
1775500434951582,33.3333,40,60,60
1775500435001999,80,50,50,50
1775500435052436,60,60,33.3333,50
1775500435102890,25,25,25,50
1775500435153594,66.6667,75,57.1429,66.6667
1775500435204010,80,60,25,50
1775500435254422,50,80,83.3333,40
1775500435304974,25,60,66.6667,66.6667
1775500435355591,50,60,66.6667,50
1775500435406003,25,66.6667,40,50
1775500435456440,60,25,60,60
1775500435506871,40,60,66.6667,40
1775500435557546,75,80,50,50
1775500435608224,60,66.6667,60,66.6667
1775500435658655,50,71.4286,40,40
1775500435709194,75,75,66.6667,66.6667
1775500435759659,33.3333,66.6667,75,25
1775500435810244,60,80,50,40
1775500435860835,83.3333,50,50,50
1775500435911286,66.6667,50,33.3333,60
1775500435961983,50,40,80,50
1775500436012425,80,60,60,60
1775500436062913,66.6667,60,80,80
1775500436113342,40,60,42.8571,60
1775500436163778,60,50,60,66.6667
1775500436214438,66.6667,50,33.3333,25
1775500436265145,50,40,50,66.6667
1775500436315602,40,50,66.6667,40
1775500436366208,75,50,66.6667,50
1775500436416810,80,66.6667,50,33.3333
1775500436467345,40,60,80,50
1775500436517874,60,33.3333,60,75
1775500436568286,50,50,40,40
1775500436618713,60,40,50,66.6667
1775500436669143,60,60,80,40
1775500436719749,80,80,83.3333,83.3333
1775500436770318,66.6667,50,80,60
1775500436820759,60,50,50,75
1775500436871380,50,66.6667,50,62.5
1775500436921797,50,25,20,50
1775500436972466,33.3333,50,83.3333,50
1775500437022932,80,60,40,25
1775500437073366,66.6667,60,25,50
1775500437123831,60,50,33.3333,75
1775500437174258,83.3333,75,25,60
1775500437224898,40,25,66.6667,33.3333
1775500437275366,60,50,75,66.6667
1775500437325846,50,50,66.6667,50
1775500437376289,66.6667,40,40,50
1775500437426799,66.6667,60,66.6667,25
1775500437477403,75,50,50,66.6667
1775500437527977,75,75,57.1429,60
1775500437578529,60,40,66.6667,80
1775500437628976,50,60,60,50
1775500437679532,66.6667,40,75,66.6667
1775500437730240,40,75,66.6667,50
1775500437780951,75,57.1429,25,80
1775500437831554,60,50,80,60
1775500437882217,66.6667,20,40,80
1775500437932684,25,66.6667,60,60
1775500437983316,50,66.6667,60,40
1775500438033934,66.6667,25,40,33.3333
1775500438084585,60,50,40,50
1775500438135175,50,50,75,50
1775500438185596,66.6667,66.6667,66.6667,60
1775500438236141,80,25,20,60
1775500438286604,83.3333,60,50,60
1775500438337270,50,80,60,40
1775500438387763,80,40,60,50
1775500438438183,50,60,75,33.3333
1775500438488728,60,80,60,40
1775500438539147,60,40,40,66.6667
1775500438589628,60,50,20,66.6667
1775500438640088,20,40,60,66.6667
1775500438690532,60,50,60,66.6667
1775500438741173,75,66.6667,60,40
1775500438791585,40,83.3333,50,50
1775500438842278,33.3333,25,60,66.6667
1775500438892731,80,60,66.6667,0
1775500438943179,40,60,60,60
1775500438993661,50,66.6667,33.3333,60
1775500439044299,75,40,50,60
1775500439094744,50,40,50,60
1775500439145171,60,25,40,60
1775500439195610,75,40,33.3333,50
1775500439246102,60,66.6667,60,75
1775500439296625,50,60,40,50
1775500439347078,0,60,60,40
1775500439397500,80,66.6667,25,40
1775500439447949,50,40,50,50
1775500439498356,66.6667,60,50,50
1775500439548954,60,50,71.4286,50
1775500439599639,50,50,80,50
1775500439650119,60,83.3333,75,50
1775500439700740,50,83.3333,33.3333,40
1775500439751413,71.4286,50,75,25
1775500439802105,75,40,60,66.6667
1775500439852709,42.8571,60,0,50
1775500439903181,50,60,60,66.6667
1775500439953699,85.7143,60,71.4286,40
1775500440004270,16.6667,50,50,80
1775500440054980,75,60,40,40
1775500440105402,50,50,60,66.6667
1775500440155942,60,66.6667,66.6667,80
1775500440206424,66.6667,50,60,60
1775500440257175,80,66.6667,33.3333,60
1775500440307845,40,80,50,80
1775500440358360,66.6667,40,25,80
1775500440408814,50,66.6667,83.3333,60
1775500440459564,60,25,75,60
1775500440510031,40,66.6667,66.6667,33.3333
1775500440560526,60,50,75,75
1775500440610999,60,25,60,50
1775500440661418,66.6667,66.6667,50,80
1775500440711869,75,75,33.3333,33.3333
1775500440762317,66.6667,50,66.6667,40
1775500440812899,50,50,60,50
1775500440863312,40,50,40,50
1775500440914023,60,57.1429,60,66.6667
1775500440964494,50,66.6667,60,40
1775500441014903,60,66.6667,50,25
1775500441065378,40,40,83.3333,60
1775500441115826,75,25,40,50
1775500441166266,71.4286,60,60,33.3333
1775500441216791,66.6667,25,60,40
1775500441267210,75,50,40,50
1775500441317623,40,60,66.6667,66.6667
1775500441368048,50,40,25,60
1775500441418506,50,60,60,60
1775500441469227,71.4286,60,40,25
1775500441519693,50,60,0,60
1775500441570344,66.6667,50,60,80
1775500441620764,66.6667,66.6667,80,66.6667
1775500441671193,33.3333,50,50,50
1775500441721866,25,60,50,80
1775500441772396,60,66.6667,60,50
1775500441822999,66.6667,60,60,40
1775500441873532,60,50,40,60
1775500441923948,50,25,50,66.6667
1775500441974381,60,57.1429,40,60
1775500442024791,66.6667,60,60,40
1775500442075209,33.3333,60,60,75
1775500442125629,80,60,60,25
1775500442176102,40,20,50,33.3333
1775500442226528,40,80,80,50
1775500442277009,80,25,60,60
1775500442327430,60,40,60,60
1775500442378004,66.6667,60,40,50
1775500442428456,40,60,33.3333,75
1775500442479179,75,60,60,25
1775500442529754,40,20,80,40
1775500442580240,50,75,60,60
1775500442630814,80,60,40,50
1775500442681240,60,66.6667,42.8571,60
1775500442731781,50,100,60,60
1775500442782199,75,66.6667,100,66.6667
1775500442832648,50,50,66.6667,75
1775500442883078,40,25,50,50
1775500442933758,75,66.6667,50,50
1775500442984344,60,80,66.6667,40
1775500443034986,75,50,60,25
1775500443085426,50,60,50,50
1775500443135918,80,50,66.6667,50
1775500443186352,40,60,40,66.6667
1775500443236934,60,50,66.6667,60
1775500443287591,40,75,80,50
1775500443338052,71.4286,57.1429,50,60
1775500443388643,80,50,50,50
1775500443439095,50,50,50,60
1775500443489544,50,66.6667,33.3333,60
1775500443540060,80,66.6667,66.6667,66.6667
1775500443590534,80,66.6667,60,40
1775500443641241,75,75,50,80
1775500443691664,50,75,40,50
1775500443742167,66.6667,83.3333,40,60
1775500443792885,40,66.6667,66.6667,40
1775500443843534,60,40,40,60
1775500443893950,40,66.6667,75,66.6667
1775500443944677,75,50,50,50
1775500443995337,40,60,40,60
1775500444045779,60,83.3333,75,80
1775500444096278,60,80,60,25
1775500444146751,60,60,50,25
1775500444197184,50,60,75,33.3333
1775500444247739,60,20,60,75
1775500444298174,66.6667,40,60,57.1429
1775500444348741,50,60,66.6667,60
1775500444399352,66.6667,60,25,60
1775500444450044,40,40,80,60
1775500444500487,33.3333,50,66.6667,71.4286
1775500444550901,0,25,50,50
1775500444601436,57.1429,66.6667,60,80
1775500444651856,50,40,60,50
1775500444702344,40,20,60,60
1775500444752750,80,60,50,25
1775500444803169,60,60,50,50
1775500444853613,50,80,83.3333,40
1775500444904114,60,50,50,66.6667
1775500444954544,66.6667,50,50,60
1775500445004984,60,75,60,40
1775500445055569,60,66.6667,50,60
1775500445106086,60,60,50,60
1775500445156620,66.6667,33.3333,33.3333,50
1775500445207253,75,66.6667,80,66.6667
1775500445257888,60,60,60,0
1775500445308309,60,80,83.3333,60
1775500445359008,50,50,66.6667,60
1775500445409623,33.3333,40,83.3333,80
1775500445460303,50,20,60,40
1775500445510933,25,60,0,83.3333
1775500445561357,33.3333,60,66.6667,40
1775500445611776,60,33.3333,25,80
1775500445662347,60,16.6667,50,50
1775500445713001,75,25,66.6667,80
1775500445763687,50,80,60,75
1775500445814143,75,50,66.6667,60
1775500445864566,80,40,25,50
1775500445915028,0,60,80,66.6667
1775500445965686,80,60,75,80
1775500446016318,50,57.1429,40,33.3333
1775500446066745,60,0,80,50
1775500446117425,50,57.1429,66.6667,80
1775500446167841,50,50,75,50
1775500446218331,40,50,71.4286,66.6667
1775500446268980,25,60,75,80
1775500446319461,25,80,60,25
1775500446370143,60,40,66.6667,80
1775500446420567,0,80,50,50
1775500446470980,25,66.6667,25,60
1775500446521605,40,50,71.4286,50
1775500446572042,83.3333,40,50,66.6667
1775500446622488,40,60,40,60
1775500446673118,33.3333,60,83.3333,83.3333
1775500446723555,80,33.3333,60,0
1775500446773977,60,60,25,66.6667
1775500446824556,20,66.6667,40,60
1775500446875166,60,50,75,50
1775500446925619,40,66.6667,60,60
1775500446976062,50,50,33.3333,40
1775500447026545,60,50,0,60
1775500447076953,60,60,66.6667,66.6667
1775500447127361,75,0,80,25
1775500447177786,50,60,50,57.1429
1775500447228472,57.1429,40,60,40
1775500447279004,50,50,60,75
1775500447329416,40,60,83.3333,66.6667
1775500447379836,50,25,50,50
1775500447430252,50,50,50,40
1775500447480704,50,80,75,50
1775500447531221,80,33.3333,40,50
1775500447581768,40,80,60,60
1775500447632498,40,60,50,50
1775500447682971,40,66.6667,50,80
1775500447733463,50,60,83.3333,60
1775500447783890,60,60,75,60
1775500447834558,40,60,60,60
1775500447885107,25,75,60,66.6667
1775500447935620,50,66.6667,33.3333,66.6667
1775500447986056,60,80,66.6667,66.6667
1775500448036561,50,60,50,60
1775500448087018,60,40,60,40
1775500448137527,50,60,50,50
1775500448187978,60,60,50,40
1775500448238691,50,60,40,60
1775500448289144,40,50,80,50
1775500448339664,66.6667,60,40,50
1775500448390084,50,60,75,50
1775500448440662,80,50,20,60
1775500448491375,60,80,60,40
1775500448541804,40,60,60,50
1775500448592223,25,40,60,50
1775500448642663,80,60,60,50
1775500448693224,66.6667,0,50,40
1775500448743713,40,40,50,66.6667
1775500448794226,60,50,80,60
1775500448844812,50,60,80,50
1775500448895462,60,60,57.1429,60
1775500448946000,66.6667,50,66.6667,83.3333
1775500448996496,75,60,80,50
1775500449046910,60,25,40,25
1775500449097332,50,40,50,40
1775500449147740,75,80,66.6667,50
1775500449198162,40,50,60,0
1775500449248604,60,50,66.6667,40
1775500449299050,66.6667,25,50,0
1775500449349642,66.6667,50,66.6667,20
1775500449400068,75,60,25,60
1775500449450714,66.6667,0,60,50
1775500449501149,66.6667,71.4286,60,50
1775500449551605,60,20,25,80
1775500449602053,71.4286,20,50,60
1775500449652567,60,25,40,66.6667
1775500449703185,0,50,66.6667,33.3333
1775500449753637,40,60,60,75
1775500449804083,66.6667,25,80,33.3333
1775500449854708,50,80,0,57.1429
1775500449905209,66.6667,50,40,25
1775500449955765,40,60,40,50
1775500450006448,40,60,60,60
1775500450057133,66.6667,75,80,66.6667
1775500450107576,66.6667,80,60,80
1775500450158023,60,60,83.3333,60
1775500450208529,75,50,50,40
1775500450258942,66.6667,83.3333,60,60
1775500450309360,60,50,40,60
1775500450359776,40,60,60,60
1775500450410222,0,60,50,40
1775500450460625,60,60,80,60
1775500450511041,50,75,40,60
1775500450561456,75,25,40,60
1775500450612062,40,40,40,83.3333
1775500450662517,60,60,60,50
1775500450712945,60,20,40,66.6667
1775500450763441,33.3333,66.6667,60,50
1775500450814003,80,80,66.6667,60
1775500450864479,50,50,60,60
1775500450915126,66.6667,75,50,60
1775500450965785,71.4286,25,60,50
1775500451016250,60,50,66.6667,50
1775500451066676,66.6667,50,25,57.1429
1775500451117082,80,50,66.6667,80
1775500451167577,40,66.6667,66.6667,0
1775500451218105,60,20,50,60
1775500451268617,50,40,33.3333,66.6667
1775500451319055,75,25,40,60
1775500451369631,57.1429,50,80,66.6667
1775500451420053,60,75,75,66.6667
1775500451470493,33.3333,50,60,66.6667
1775500451521176,40,75,66.6667,25
1775500451571620,40,80,40,50
1775500451622048,66.6667,60,60,75
1775500451672746,50,20,50,66.6667
1775500451723196,33.3333,20,60,50
1775500451773603,40,75,75,50
1775500451824161,60,40,71.4286,75
1775500451874693,80,60,50,40
1775500451925377,50,50,71.4286,60
1775500451976030,50,40,50,40
1775500452026452,40,33.3333,50,40
1775500452076864,57.1429,60,50,60
1775500452127298,75,40,75,60
1775500452177727,60,66.6667,60,66.6667
1775500452228202,50,66.6667,40,50
1775500452278615,40,40,80,50
1775500452329038,100,60,50,40
1775500452379463,66.6667,66.6667,40,80
1775500452430065,50,83.3333,50,50
1775500452480501,60,60,20,71.4286
1775500452531197,50,50,33.3333,50
1775500452581731,66.6667,50,80,66.6667
1775500452632448,66.6667,40,50,80
1775500452682899,66.6667,66.6667,25,20
1775500452733340,66.6667,40,50,83.3333
1775500452783762,33.3333,66.6667,0,66.6667
1775500452834187,71.4286,0,50,57.1429
1775500452884603,40,40,83.3333,66.6667
1775500452935088,40,83.3333,80,80
1775500452985721,50,60,60,60
1775500453036143,40,60,50,80
1775500453086570,25,60,75,40
1775500453137086,25,80,60,66.6667
1775500453187539,50,60,75,60
1775500453238270,50,20,60,60
1775500453288680,66.6667,50,57.1429,50
1775500453339396,33.3333,50,50,50
1775500453389903,80,100,75,60
1775500453440326,66.6667,66.6667,71.4286,83.3333
1775500453490761,33.3333,50,80,40
1775500453541343,60,71.4286,50,25
1775500453591978,75,33.3333,50,60
1775500453642534,50,50,33.3333,60
1775500453692964,50,66.6667,60,40
1775500453743393,50,25,25,50
1775500453793833,66.6667,40,40,60
1775500453844363,25,60,50,60
1775500453894826,50,57.1429,40,75
1775500453945286,80,60,40,62.5
1775500453995701,50,50,25,50
1775500454046216,75,83.3333,60,60
1775500454096813,75,60,66.6667,40
1775500454147393,40,40,60,50
1775500454197813,66.6667,60,66.6667,80
1775500454248245,25,66.6667,50,60
1775500454298668,57.1429,80,40,25
1775500454349288,40,40,66.6667,60
1775500454399701,66.6667,40,60,66.6667
1775500454450324,66.6667,80,50,40
1775500454500953,40,66.6667,40,40
1775500454551385,33.3333,66.6667,40,50
1775500454602072,57.1429,60,60,66.6667
1775500454652533,40,66.6667,71.4286,80
1775500454702950,75,60,50,20
1775500454753396,50,50,50,100
1775500454803861,25,60,50,66.6667
1775500454854347,60,80,75,33.3333
1775500454904835,75,50,80,75
1775500454955272,50,33.3333,20,60
1775500455005735,75,50,57.1429,40
1775500455056147,40,66.6667,75,60
1775500455106725,60,33.3333,40,50
1775500455157146,75,40,60,25
1775500455207829,71.4286,40,60,60
1775500455258348,33.3333,75,71.4286,60
1775500455308771,60,50,20,50
1775500455359199,60,25,25,50
1775500455409615,83.3333,83.3333,40,50
1775500455460077,33.3333,75,60,66.6667
1775500455510495,66.6667,50,83.3333,40
1775500455560907,75,60,66.6667,50
1775500455611326,60,50,40,33.3333
1775500455661984,60,60,60,50
1775500455712616,75,80,50,66.6667
1775500455763081,60,60,25,50
1775500455813490,50,66.6667,50,25
1775500455864160,75,60,50,50
1775500455914776,60,75,40,83.3333
1775500455965240,40,60,75,33.3333
1775500456015664,60,40,57.1429,42.8571
1775500456066276,60,60,75,66.6667
1775500456116782,50,60,33.3333,60
1775500456167212,40,50,66.6667,50
1775500456217623,50,80,60,40
1775500456268040,60,40,25,80
1775500456318720,60,25,25,80
1775500456369164,40,25,60,66.6667
1775500456419586,60,75,60,25
1775500456470162,40,33.3333,60,66.6667
1775500456520614,50,60,25,40
1775500456571072,80,60,60,66.6667
1775500456621499,60,60,40,25
1775500456672067,50,60,66.6667,80
1775500456722552,50,75,60,60
1775500456773006,40,60,60,66.6667
1775500456823427,20,60,50,40
1775500456873841,80,60,50,25
1775500456924262,75,75,80,66.6667
1775500456974736,40,50,66.6667,33.3333
1775500457025178,60,20,80,60
1775500457075620,66.6667,60,25,80
1775500457126152,50,50,66.6667,40
1775500457176647,80,80,60,60
1775500457227308,75,40,80,50
1775500457278024,50,25,50,57.1429
1775500457328522,40,50,60,75
1775500457378960,60,60,80,40
1775500457429374,66.6667,60,25,75
1775500457479841,60,60,33.3333,60
1775500457530514,50,60,66.6667,40
1775500457581142,75,100,75,50
1775500457631595,75,50,50,42.8571
1775500457682162,25,60,60,75
1775500457732702,80,83.3333,75,66.6667
1775500457783145,80,75,60,80
1775500457833727,75,66.6667,83.3333,66.6667
1775500457884189,60,60,80,66.6667
1775500457934665,60,33.3333,60,75
1775500457985291,60,25,50,71.4286
1775500458035995,50,66.6667,50,20
1775500458086412,50,66.6667,40,40
1775500458136973,40,40,60,60
1775500458187394,66.6667,60,50,60
1775500458237838,50,25,83.3333,50
1775500458288324,33.3333,60,75,40
1775500458339018,80,66.6667,40,50
1775500458389456,40,25,80,50
1775500458439911,0,60,33.3333,66.6667
1775500458490372,50,50,50,60
1775500458541065,60,40,66.6667,42.8571
1775500458591760,33.3333,83.3333,25,50
1775500458642445,50,60,83.3333,50
1775500458692929,60,75,60,66.6667
1775500458743355,25,50,60,80
1775500458793781,66.6667,50,50,71.4286
1775500458844532,66.6667,50,50,40
1775500458894961,60,75,60,33.3333
1775500458945578,80,66.6667,60,20
1775500458996110,60,40,50,40
1775500459046751,60,60,60,60
1775500459097167,66.6667,60,66.6667,50
1775500459147897,83.3333,83.3333,0,40
1775500459198317,60,60,66.6667,60
1775500459248754,66.6667,80,75,60
1775500459299320,40,60,66.6667,60
1775500459349908,75,80,60,50
1775500459400409,40,80,40,80
1775500459450986,40,40,80,40
1775500459501606,60,80,40,83.3333
1775500459552019,20,50,50,66.6667
1775500459602621,80,0,50,80
1775500459653070,66.6667,66.6667,80,60
1775500459703495,25,50,66.6667,75
1775500459754087,33.3333,60,80,60
1775500459804542,50,71.4286,50,60
1775500459854962,60,80,50,83.3333
1775500459905382,50,40,75,50
1775500459956077,25,50,60,50
1775500460006499,50,60,66.6667,80
1775500460057052,60,60,80,80
1775500460107489,83.3333,66.6667,71.4286,40
1775500460157974,60,40,33.3333,66.6667
1775500460208417,60,66.6667,40,66.6667
1775500460258887,60,25,75,60
1775500460309375,50,40,66.6667,40
1775500460359795,40,66.6667,80,60
1775500460410450,66.6667,25,25,66.6667
1775500460460900,60,83.3333,50,75
1775500460511340,50,40,75,60
1775500460561802,66.6667,25,25,50
1775500460612419,25,60,60,66.6667
1775500460663118,25,60,40,80
1775500460713718,33.3333,0,60,60
1775500460764418,60,40,25,66.6667
1775500460814892,50,75,60,40
1775500460865500,50,50,60,60
1775500460916138,60,50,40,80
1775500460966555,50,50,0,50
1775500461016998,66.6667,66.6667,57.1429,50
1775500461067517,50,75,0,40
1775500461117942,40,66.6667,66.6667,50
1775500461168475,20,75,60,50
1775500461219079,66.6667,60,0,28.5714
1775500461269650,50,50,60,66.6667
1775500461320108,66.6667,66.6667,40,60
1775500461370527,60,50,60,66.6667
1775500461420936,28.5714,40,60,50
1775500461471612,50,50,60,60
1775500461522090,50,66.6667,60,25
1775500461572589,60,80,60,42.8571
1775500461623181,60,60,75,20
1775500461673734,66.6667,66.6667,40,60
1775500461724194,80,40,60,40
1775500461774620,40,50,25,60
1775500461825154,50,60,50,80
1775500461875584,40,50,50,50
1775500461926152,80,50,50,85.7143
1775500461976703,50,66.6667,83.3333,60
1775500462027233,60,75,33.3333,25
1775500462077655,66.6667,50,50,40
1775500462128202,50,75,60,80
1775500462178700,100,57.1429,50,20
1775500462229125,71.4286,60,60,60
1775500462279658,40,50,75,60
1775500462330066,33.3333,50,60,60
1775500462380620,60,0,75,40
1775500462431253,50,66.6667,50,50
1775500462481830,33.3333,40,60,66.6667
1775500462532498,40,50,40,66.6667
1775500462583045,80,66.6667,80,80
1775500462633727,40,50,50,25
1775500462684165,50,60,40,80
1775500462734625,66.6667,60,60,33.3333
1775500462785084,33.3333,75,66.6667,40
1775500462835525,50,50,40,80
1775500462886139,75,50,60,40
1775500462936788,60,66.6667,25,50
1775500462987201,75,66.6667,40,40
1775500463037817,80,50,0,80
1775500463088423,57.1429,75,60,60
1775500463139085,60,80,83.3333,57.1429
1775500463189516,60,60,100,60
1775500463239941,60,75,25,66.6667
1775500463290370,50,60,66.6667,40
1775500463340998,80,60,60,50
1775500463391496,50,0,50,75
1775500463441952,50,66.6667,66.6667,40
1775500463492599,25,60,75,60
1775500463543024,60,25,60,60
1775500463593450,40,60,50,75
1775500463907746,60,50,83.3333,50
1775500463958458,60,66.6667,83.3333,40
1775500464009010,50,50,60,33.3333
1775500464059421,50,75,50,60
1775500464109914,50,66.6667,50,25
1775500464160620,50,75,75,75
1775500464211067,50,60,50,66.6667
1775500464261492,33.3333,33.3333,75,60
1775500464312111,50,50,50,50
1775500464362659,66.6667,25,66.6667,57.1429
1775500464413146,40,50,75,66.6667
1775500464463636,33.3333,71.4286,66.6667,71.4286
1775500464514088,40,60,40,40
1775500464564537,66.6667,80,40,0
1775500464615218,50,75,80,40
1775500464665749,83.3333,40,66.6667,50
1775500464716413,40,25,80,60
1775500464767107,80,60,66.6667,16.6667
1775500464817643,60,66.6667,75,75
1775500464868104,50,60,60,25
1775500464918786,66.6667,50,60,60
1775500464969265,50,33.3333,20,66.6667
1775500465019690,25,66.6667,40,40
1775500465070343,66.6667,75,50,40
1775500465120788,66.6667,50,71.4286,75
1775500465171209,100,40,60,66.6667
1775500465221755,60,60,66.6667,50
1775500465272216,40,60,40,66.6667
1775500465322709,25,60,40,80
1775500465373123,50,42.8571,83.3333,60
1775500465423764,66.6667,50,50,75
1775500465474201,60,50,33.3333,71.4286
1775500465524635,50,83.3333,66.6667,60
1775500465575161,33.3333,60,75,80
1775500465625657,50,80,0,57.1429
1775500465676268,50,75,83.3333,0
1775500465726837,40,50,25,50
1775500465777536,66.6667,60,40,75
1775500465827998,60,33.3333,60,50
1775500465878414,57.1429,60,50,25
1775500465929115,66.6667,33.3333,66.6667,60
1775500465979816,66.6667,60,83.3333,60
1775500466030500,60,50,66.6667,66.6667
1775500466080971,60,0,50,80
1775500466131530,75,25,50,20
1775500466182109,33.3333,80,66.6667,50
1775500466232606,33.3333,60,66.6667,50
1775500466283032,80,75,80,60
1775500466333714,66.6667,80,40,60
1775500466384201,60,50,40,50
1775500466434646,83.3333,66.6667,66.6667,40
1775500466485077,60,50,25,25
1775500466535712,50,20,75,40
1775500466586135,75,60,57.1429,40
1775500466636664,20,50,60,83.3333
1775500466687128,20,50,40,60
1775500466737791,60,60,75,40
1775500466788296,50,40,60,60
1775500466838746,60,50,50,50
1775500466889161,66.6667,40,33.3333,50
1775500466939655,66.6667,66.6667,80,50
1775500466990278,60,50,50,60
1775500467040749,60,33.3333,60,60
1775500467091304,40,60,50,66.6667
1775500467142003,83.3333,75,83.3333,75
1775500467192501,50,60,25,40
1775500467242951,66.6667,60,25,80
1775500467293538,50,50,71.4286,25
1775500467343963,60,75,100,66.6667
1775500467394637,60,60,66.6667,50
1775500467445317,60,80,75,57.1429
1775500467495781,60,50,71.4286,60
1775500467546457,66.6667,83.3333,50,60
1775500467597171,80,40,60,50
1775500467647899,80,66.6667,60,33.3333
1775500467698309,66.6667,50,50,60
1775500467748746,60,33.3333,25,50
1775500467799422,83.3333,60,80,60
1775500467850019,75,66.6667,50,40
1775500467900505,50,80,50,60
1775500467950948,80,60,80,75
1775500468001355,83.3333,100,80,80
1775500468052029,50,50,60,50
1775500468102724,40,60,60,80
1775500468153155,40,20,66.6667,80
1775500468203587,75,60,75,60
1775500468254196,60,33.3333,66.6667,80
1775500468304611,60,80,25,80
1775500468355165,83.3333,40,66.6667,60
1775500468405586,66.6667,66.6667,50,50
1775500468456004,25,50,40,80
1775500468506635,60,50,60,20
1775500468557054,80,80,75,60
1775500468607464,50,50,80,83.3333
1775500468658116,75,50,50,66.6667
1775500468708554,80,50,42.8571,50
1775500468758992,50,60,60,40
1775500468809618,50,80,40,25
1775500468860079,60,50,75,66.6667
1775500468910486,40,50,83.3333,40
1775500468960947,75,0,40,80
1775500469011663,50,80,80,25
1775500469062139,66.6667,40,66.6667,50
1775500469112632,100,80,66.6667,40
1775500469163316,33.3333,60,71.4286,50
1775500469213823,60,60,50,50
1775500469264231,50,40,60,60
1775500469314656,50,66.6667,60,60
1775500469365087,50,20,60,80
1775500469415781,60,60,50,50
1775500469466499,60,25,25,83.3333
1775500469516970,66.6667,50,40,66.6667
1775500469567506,60,60,75,40
1775500469618048,75,33.3333,66.6667,66.6667
1775500469668694,60,66.6667,80,50
1775500469719236,60,60,50,50
1775500469769658,66.6667,60,40,80
1775500469820136,80,60,66.6667,83.3333
1775500469870571,50,75,25,50
1775500469921257,50,20,25,80
1775500469971680,50,60,50,80
1775500470022112,40,33.3333,50,60
1775500470072539,25,40,40,80
1775500470123164,60,20,40,50
1775500470173679,50,60,40,66.6667
1775500470224109,25,50,80,75
1775500470274565,40,80,66.6667,66.6667
1775500470324985,66.6667,50,66.6667,50
1775500470375402,50,60,40,50
1775500470425847,50,50,80,80
1775500470476267,75,50,25,50
1775500470526697,50,0,71.4286,60
1775500470577136,60,66.6667,75,50
1775500470627550,60,50,40,40
1775500470677959,80,60,66.6667,25
1775500470728405,57.1429,50,60,33.3333
1775500470778903,50,25,60,75
1775500470829317,60,80,40,60
1775500470879733,40,60,50,75
1775500470930350,50,66.6667,83.3333,25
1775500470981047,60,83.3333,40,60
1775500471031518,75,20,60,80
1775500471081988,50,60,0,50
1775500471132696,75,60,60,66.6667
1775500471183161,50,60,80,50
1775500471233572,60,60,33.3333,71.4286
1775500471284092,75,60,20,25
1775500471334504,60,83.3333,50,50
1775500471385154,60,66.6667,50,50
1775500471435819,60,33.3333,75,75
1775500471486366,66.6667,66.6667,0,60
1775500471536775,66.6667,50,40,50
1775500471587470,50,60,50,40
1775500471638034,80,25,71.4286,60
1775500471688472,50,60,75,60
1775500471738885,50,50,50,50
1775500471789296,40,33.3333,60,60
1775500471839750,60,75,40,33.3333
1775500471890404,60,40,50,50
1775500471940807,50,57.1429,50,66.6667
1775500471991248,50,75,66.6667,66.6667
1775500472041664,40,50,50,71.4286
1775500472092217,60,25,50,60
1775500472142635,60,66.6667,80,25
1775500472193323,50,40,66.6667,50
1775500472243806,40,60,50,75
1775500472294399,80,66.6667,60,40
1775500472344864,40,50,60,50
1775500472395407,66.6667,0,40,50
1775500472445918,60,50,66.6667,60
1775500472496407,50,60,40,20
1775500472546827,25,80,60,71.4286
1775500472597248,25,60,80,60
1775500472647712,60,50,60,50
1775500472698133,71.4286,50,50,66.6667
1775500472748741,66.6667,50,25,50
1775500472799196,66.6667,60,75,40
1775500472849850,60,80,20,66.6667
1775500472900266,50,66.6667,50,80
1775500472951037,71.4286,75,60,75
1775500473001528,60,66.6667,66.6667,50
1775500473052150,60,80,80,66.6667
1775500473102570,75,80,66.6667,40
1775500473153250,80,66.6667,60,85.7143
1775500473203763,80,60,50,75
1775500473254368,60,83.3333,40,25
1775500473304787,66.6667,20,25,57.1429
1775500473355291,60,60,50,60
1775500473405757,80,71.4286,66.6667,60
1775500473456319,80,80,60,75
1775500473506844,100,100,100,100
1775500473557389,100,100,100,100
1775500473607909,100,100,100,100
1775500473658359,100,100,100,100
1775500473708778,100,100,100,100
1775500473759195,83.3333,100,100,100
1775500473809835,100,100,100,100
1775500473860391,100,100,100,100
1775500473910834,100,100,100,100
1775500473961249,100,100,100,100
1775500474011970,100,100,100,100
1775500474062580,100,100,100,100
1775500474112988,100,100,100,100
1775500474163653,100,100,100,100
1775500474214214,100,100,100,100
1775500474264733,100,100,100,100
1775500474315176,100,100,100,100
1775500474365600,100,100,100,100
1775500474416313,100,100,100,100
1775500474466841,100,100,100,100
1775500474517443,100,100,100,100
1775500474567857,100,100,100,100
1775500474618442,100,100,100,100
1775500474669111,100,100,100,100
1775500474719697,100,100,100,100
1775500474770113,100,100,100,100
1775500474820757,100,100,100,100
1775500474871384,100,100,100,100
1775500474921879,100,100,100,100
1775500474972303,100,100,100,100
1775500475022785,100,100,100,100
1775500475073256,100,100,100,100
1775500475123727,100,100,100,100
1775500475174134,100,100,100,100
1775500475224574,100,100,100,100
1775500475275027,100,100,100,100
1775500475325654,100,100,100,100
1775500475376165,100,100,100,100
1775500475426577,100,100,100,100
1775500475476991,100,100,100,100
1775500475527462,100,100,100,100
1775500475577916,100,100,100,100
1775500475628340,100,100,100,100
1775500475678791,100,100,100,100
1775500475729464,100,100,100,100
1775500475779934,100,100,100,100
1775500475830600,100,100,100,100
1775500475881310,100,100,100,100
1775500475931729,100,100,100,100
1775500475982137,100,100,100,100
1775500476032559,100,100,100,100
1775500476083094,100,100,100,100
1775500476133504,100,100,100,100
1775500476184180,100,100,100,100
1775500476234898,100,100,100,100
1775500476285337,100,100,100,100
1775500476335755,100,100,100,100
1775500476386169,100,100,100,100
1775500476436577,100,100,100,100
1775500476487063,100,100,100,100
1775500476537662,100,100,100,100
1775500476588293,100,100,100,100
1775500476638917,100,100,100,100
1775500476689321,100,100,100,100
1775500476739818,100,100,100,100
1775500476790245,100,100,100,100
1775500476840827,100,100,100,100
1775500476891415,100,100,100,100
1775500476942071,100,100,100,100
1775500476992709,100,100,100,100
1775500477043218,100,100,100,100
1775500477093669,100,100,100,100
1775500477144427,100,100,100,100
1775500477194852,100,100,100,100
1775500477245297,100,100,100,100
1775500477295891,100,100,100,100
1775500477346306,100,100,100,100
1775500477396993,100,100,100,100
1775500477447514,100,100,100,100
1775500477498163,100,100,100,100
1775500477548575,100,100,100,100
1775500477598985,100,100,100,100
1775500477649595,100,100,100,100
1775500477700019,100,100,100,100
1775500477750437,100,100,100,100
1775500477801111,100,100,100,100
1775500477851769,100,100,100,100
1775500477902338,100,100,100,100
1775500477952746,100,100,100,100
1775500478003322,100,100,100,100
1775500478053924,100,100,100,100
1775500478104344,100,100,100,100
1775500478154912,100,100,83.3333,100
1775500478205342,100,100,100,100
1775500478255806,100,100,100,100
1775500478306263,100,100,100,100
1775500478356679,100,100,100,100
1775500478407098,100,100,100,100
1775500478457663,100,100,100,100
1775500478508122,100,100,100,100
1775500478558544,100,100,100,100
1775500478609188,100,100,100,100
1775500478659864,100,100,100,100
1775500478710372,100,100,100,100
1775500478760780,100,100,100,100
1775500478811345,100,100,100,100
1775500478861931,100,100,100,100
1775500478912436,100,100,100,100
1775500478962947,100,100,100,100
1775500479013357,100,100,100,100
1775500479063772,100,100,100,100
1775500479114188,100,100,100,100
1775500479164599,100,100,100,100
1775500479215015,100,100,100,100
1775500479265463,100,100,100,100
1775500479315880,100,100,100,100
1775500479366288,100,100,100,100
1775500479416703,100,100,100,100
1775500479467251,100,100,100,100
1775500479517926,100,100,100,100
1775500479568440,100,100,100,100
1775500479618942,100,100,100,100
1775500479669405,100,100,100,100
1775500479720075,100,100,100,100
1775500479770817,100,100,100,100
1775500479821291,100,100,100,100
1775500479871833,100,100,100,100
1775500479922405,100,100,100,100
1775500479972814,100,100,100,100
1775500480023388,100,100,100,100
1775500480073805,100,100,100,100
1775500480124215,100,100,100,100
1775500480174891,100,100,100,100
1775500480225355,100,100,100,100
1775500480275774,100,100,100,100
1775500480326193,100,100,100,100
1775500480376722,100,100,100,100
1775500480427204,100,100,100,100
1775500480477860,100,100,100,100
1775500480528353,100,100,100,100
1775500480578806,100,100,100,100
1775500480629314,100,100,100,100
1775500480679743,100,100,100,100
1775500480730192,100,100,100,100
1775500480780848,100,100,100,100
1775500480831381,100,100,100,100
1775500480881802,100,100,100,100
1775500480932271,100,100,100,100
1775500480982698,100,100,100,100
1775500481033239,100,100,100,100
1775500481083680,100,100,100,100
1775500481134127,100,100,100,100
1775500481184573,100,100,100,100
1775500481235244,100,100,100,100
1775500481285879,100,100,100,100
1775500481336315,100,100,100,100
1775500481386865,100,100,100,100
1775500481437275,100,100,100,100
1775500481487693,100,100,100,100
1775500481538285,100,100,100,100
1775500481588733,100,100,100,100
1775500481639411,100,100,100,100
1775500481690086,100,100,100,100
1775500481740545,100,100,100,100
1775500481790991,100,100,100,100
1775500481841442,100,100,100,100
1775500481891863,100,100,100,100
1775500481942472,100,100,100,100
1775500481993011,100,100,100,100
1775500482043418,100,100,100,100
1775500482093902,100,100,100,100
1775500482144495,100,100,100,100
1775500482195142,100,100,100,100
1775500482245568,100,100,100,100
1775500482296011,100,100,100,100
1775500482346472,100,100,100,100
1775500482396911,100,100,100,100
1775500482447348,100,100,100,100
1775500482497769,100,100,100,100
1775500482548364,100,100,100,100
1775500482598836,100,100,100,100
1775500482649246,100,100,100,100
1775500482699734,100,100,100,100
1775500482750154,100,100,100,100
1775500482800609,100,100,100,100
1775500482851301,100,100,100,100
1775500482901935,100,100,100,100
1775500482952631,100,100,100,100
1775500483003164,100,100,100,100
1775500483053579,100,100,100,100
1775500483103992,100,100,100,100
1775500483154641,100,100,100,100
1775500483205065,100,100,100,100
1775500483255756,100,100,100,100
1775500483306232,100,100,100,100
1775500483356727,100,100,100,100
1775500483407164,100,100,100,100
1775500483457599,100,100,100,100
1775500483508249,100,100,100,100
1775500483558690,100,100,100,100
1775500483609343,100,100,100,100
1775500483659939,100,100,100,100
1775500483710361,100,100,100,100
1775500483760918,100,100,100,100
1775500483811342,100,100,100,100
1775500483861847,100,100,100,100
1775500483912539,100,100,100,100
1775500483962965,100,80,100,100
1775500484013404,100,100,100,100
1775500484064019,100,100,100,100
1775500484114438,100,100,100,100
1775500484164847,100,100,100,100
1775500484215519,100,100,100,100
1775500484265923,100,100,100,100
1775500484316619,100,100,100,100
1775500484367107,100,100,100,100
1775500484417805,100,100,100,100
1775500484468309,100,100,100,100
1775500484518812,100,100,100,100
1775500484569217,100,100,100,100
1775500484619656,100,100,100,100
1775500484670317,100,100,100,100
1775500484720980,100,100,100,100
1775500484771394,100,100,100,100
1775500484821817,100,100,100,100
1775500484872225,100,100,100,100
1775500484922656,100,100,100,100
1775500484973318,100,100,100,100
1775500485023792,100,100,100,100
1775500485074388,100,100,100,100
1775500485124856,100,100,100,100
1775500485175488,100,100,100,100
1775500485225913,100,100,100,100
1775500485276366,100,100,100,100
1775500485326905,100,100,100,100
1775500485377322,100,100,100,100
1775500485427822,100,100,100,100
1775500485478309,100,100,100,100
1775500485528719,100,100,100,100
1775500485579131,100,100,100,100
1775500485629542,100,100,100,100
1775500485679980,100,100,100,100
1775500485730472,100,100,100,100
1775500485780959,100,100,100,100
1775500485831378,100,100,100,100
1775500485881911,100,100,100,100
1775500485932489,100,100,100,100
1775500485983031,100,100,100,100
1775500486033468,100,100,100,100
1775500486084151,100,100,100,100
1775500486134650,100,100,100,100
1775500486185350,100,100,100,100
1775500486235787,80,100,100,100
1775500486286238,100,100,100,100
1775500486336647,100,100,100,100
1775500486387059,100,100,100,100
1775500486437740,100,100,100,100
1775500486488335,100,100,100,100
1775500486538854,100,100,100,100
1775500486589294,100,100,100,100
1775500486639742,100,100,100,100
1775500486690397,100,100,100,100
1775500486740808,100,100,100,100
1775500486791261,100,100,100,100
1775500486841692,100,100,100,100
1775500486892312,100,100,100,100
1775500486942773,100,100,100,100
1775500486993153,100,100,100,100
1775500487043587,100,100,100,100
1775500487094229,100,100,100,100
1775500487144821,100,100,100,100
1775500487195417,100,100,100,100
1775500487245838,100,100,100,100
1775500487296277,100,100,100,100
1775500487346741,100,100,100,100
1775500487397159,100,100,100,100
1775500487447816,100,100,100,100
1775500487498259,100,100,100,100
1775500487548699,100,100,100,100
1775500487599161,100,100,100,100
1775500487649743,100,100,100,100
1775500487700152,100,100,100,100
1775500487750830,100,100,100,100
1775500487801576,100,100,100,100
1775500487852145,100,100,100,100
1775500487902781,100,100,100,100
1775500487953281,100,100,100,100
1775500488003865,100,100,100,100
1775500488054543,100,100,100,100
1775500488104945,100,100,100,100
1775500488155438,100,100,100,100
1775500488205867,100,100,100,100
1775500488256525,100,100,100,100
1775500488307142,100,100,100,100
1775500488357561,100,100,100,100
1775500488408014,100,100,100,100
1775500488458430,100,100,100,100
1775500488508935,100,100,100,100
1775500488559395,100,100,100,100
1775500488609823,100,100,100,100
1775500488660247,100,100,100,100
1775500488710703,100,100,100,100
1775500488761195,100,100,100,100
1775500488811864,100,100,100,100
1775500488862467,100,100,100,100
1775500488912894,100,100,100,100
1775500488963318,100,100,100,100
1775500489013931,100,100,100,100
1775500489064640,100,100,100,100
1775500489115073,100,100,100,100
1775500489165524,100,100,100,100
1775500489215969,100,100,100,100
1775500489266422,100,100,100,100
1775500489316831,100,100,100,100
1775500489367286,100,100,100,100
1775500489417735,100,100,100,100
1775500489468144,100,100,100,100
1775500489518776,100,100,100,100
1775500489569186,100,100,100,100
1775500489619791,100,100,100,100
1775500489670270,100,100,100,100
1775500489720926,100,100,100,100
1775500489771392,100,100,100,100
1775500489821883,100,100,100,100
1775500489872331,100,100,100,100
1775500489922794,100,100,100,100
1775500489973210,100,100,100,100
1775500490023795,100,100,100,100
1775500490074236,100,100,100,100
1775500490124674,100,100,100,100
1775500490175096,100,100,100,80
1775500490225521,100,100,100,100
1775500490275951,100,100,100,100
1775500490326418,100,100,100,100
1775500490376865,100,100,100,100
1775500490427505,100,100,100,100
1775500490478187,100,100,100,100
1775500490528840,100,100,100,100
1775500490579262,100,100,100,100
1775500490629673,100,100,100,100
1775500490680117,100,100,100,100
1775500490730800,100,100,100,100
1775500490781452,100,100,100,100
1775500490831897,100,100,100,100
1775500490882312,100,100,100,100
1775500490932823,100,100,100,100
1775500490983433,100,100,100,100
1775500491033814,100,100,100,100
1775500491084333,100,100,100,100
1775500491134933,100,100,100,100
1775500491185421,100,100,100,100
1775500491235875,100,100,100,100
1775500491286341,100,100,100,100
1775500491337008,100,100,100,100
1775500491387516,100,100,100,100
1775500491437938,100,100,100,100
1775500491488387,100,100,100,100
1775500491539063,100,100,100,100
1775500491589730,100,100,100,100
1775500491640249,100,100,100,100
1775500491690685,100,100,100,100
1775500491741294,100,100,100,100
1775500491791999,100,100,100,100
1775500491842444,100,100,100,100
1775500491892853,100,100,100,100
1775500491943493,100,100,100,100
1775500491993920,100,100,100,100
1775500492044324,100,100,100,100
1775500492094791,100,100,100,100
1775500492145329,100,100,100,100
1775500492195745,100,100,100,100
1775500492246417,100,100,100,100
1775500492296877,100,100,100,100
1775500492347290,100,100,100,100
1775500492397706,100,100,100,100
1775500492448403,100,100,100,100
1775500492499093,100,100,100,100
1775500492549672,100,100,100,100
1775500492600121,100,100,100,100
1775500492650601,100,100,100,100
1775500492701027,100,100,100,100
1775500492751439,100,100,100,100
1775500492801857,100,100,100,100
1775500492852439,100,100,100,100
1775500492902856,100,100,100,100
1775500492953266,100,100,100,100
1775500493003897,100,100,100,100
1775500493054543,100,100,100,100
1775500493105013,100,100,100,100
1775500493155437,100,100,100,100
1775500493205905,100,100,100,100
1775500493256334,100,100,100,100
1775500493306824,100,100,100,100
1775500493357310,100,100,100,100
1775500493407752,100,100,100,100
1775500493458208,100,100,100,100
1775500493508640,100,100,100,100
1775500493559074,100,100,60,100
1775500493609484,100,100,100,100
1775500493659939,100,100,100,100
1775500493710403,100,100,100,100
1775500493760864,100,100,100,100
1775500493811295,100,100,100,100
1775500493861721,100,100,100,100
1775500493912149,100,100,100,100
1775500493962575,100,100,100,100
1775500494013028,100,100,100,100
1775500494063516,100,100,100,100
